18 42 209 233 260 307 355 399 553 588 842 855 967 
210 211 276 318 337 539 567 675 718 752 843 924 940 
51 95 267 316 351 499 511 519 686 784 866 875 992 
42 103 181 240 277 339 341 516 767 794 824 853 962 
134 165 189 194 409 488 498 623 720 773 856 991 1048 
159 195 215 241 342 352 377 509 782 790 838 889 1043 
252 254 301 407 541 660 724 729 736 751 856 860 993 
21 52 302 401 516 539 540 621 701 728 817 834 1020 
3 38 43 127 270 300 325 381 486 563 908 911 932 
8 13 148 211 326 393 425 543 616 776 823 846 973 
46 48 169 170 239 538 574 593 797 802 837 881 892 
81 140 151 214 405 419 547 619 672 695 834 910 936 
11 33 85 171 180 242 353 476 673 709 824 919 1001 
72 75 227 277 282 312 508 658 676 732 893 923 993 
20 308 309 311 345 410 440 458 649 788 833 930 950 
16 76 167 379 400 428 458 473 570 796 837 1029 1038 
60 255 266 392 448 602 670 702 717 804 882 908 996 
29 42 141 245 304 324 435 444 526 806 873 890 1010 
123 420 434 455 475 552 622 656 675 683 835 980 1018 
50 82 118 231 282 352 449 503 666 743 876 998 1002 
1 37 133 294 346 574 601 664 691 804 831 875 1028 
5 112 208 258 300 309 415 519 553 613 839 939 981 
38 104 302 354 372 389 476 495 592 635 904 953 1035 
83 197 235 348 387 515 544 627 719 746 938 974 1007 
30 273 323 363 378 436 537 570 659 674 825 885 1016 
99 101 130 177 227 290 433 525 701 742 830 926 1008 
150 291 309 350 393 515 589 591 604 756 841 952 1027 
98 122 133 367 447 578 593 616 639 743 911 912 985 
55 60 116 117 129 251 335 409 533 798 859 876 878 
192 217 333 423 649 650 719 772 780 809 853 978 988 
16 107 108 121 384 389 487 619 761 800 818 848 1023 
27 59 97 258 429 440 493 709 761 767 879 934 984 
31 89 229 273 555 662 697 742 746 764 901 965 985 
20 51 110 181 193 473 500 505 557 644 826 836 840 
0 198 204 259 286 522 590 661 750 798 940 1026 1052 
243 362 395 399 411 423 489 609 643 770 895 995 1004 
91 115 132 207 292 349 428 531 634 789 902 968 976 
160 174 246 279 346 362 402 453 567 582 830 897 941 
68 96 99 395 419 441 549 564 626 784 882 899 938 
1 75 262 311 335 343 396 457 598 811 966 1014 1052 
94 180 219 386 418 490 536 564 587 609 829 865 877 
163 173 328 349 421 489 494 751 785 787 828 1048 1050 
89 190 236 317 362 600 629 660 702 715 986 1001 1020 
145 240 333 460 497 524 588 613 652 726 893 927 1050 
37 84 113 197 227 398 500 747 752 763 866 891 1042 
50 67 121 147 185 285 631 651 718 739 980 988 1025 
38 157 288 527 606 651 665 694 788 805 829 879 1040 
7 112 154 462 543 545 656 657 688 727 838 1012 1025 
189 251 276 372 438 472 534 614 737 738 862 890 909 
57 81 114 403 421 463 484 537 671 736 867 899 917 
91 148 295 358 382 387 490 678 740 810 830 845 970 
108 166 271 391 394 471 512 599 702 716 851 925 993 
12 310 322 355 391 475 483 630 664 748 1012 1026 1038 
77 97 408 430 478 486 535 646 678 780 868 980 1053 
35 69 217 253 491 504 583 631 640 808 944 974 1030 
36 45 106 410 447 509 570 599 690 703 894 928 971 
69 201 243 279 306 404 460 580 742 769 861 982 1028 
13 20 41 58 201 350 373 385 454 687 888 896 989 
58 60 118 140 189 368 468 556 563 740 836 958 1024 
216 319 330 340 500 587 645 667 681 749 884 908 925 
131 171 191 223 370 559 578 706 771 809 838 848 904 
48 68 102 246 327 469 654 670 714 759 841 955 977 
17 319 358 394 468 477 581 680 728 806 821 895 1011 
21 26 46 198 200 427 467 551 576 580 900 928 944 
92 298 339 367 471 510 550 624 665 778 922 942 1051 
11 48 164 223 312 406 503 596 601 725 877 899 967 
8 242 287 376 406 472 532 647 662 677 872 963 969 
56 137 256 292 348 407 646 659 781 790 971 990 1048 
31 134 145 172 186 377 385 404 457 611 839 849 1037 
44 93 371 386 454 586 638 644 801 812 952 978 983 
19 208 220 302 347 353 411 462 729 753 858 886 956 
28 241 296 382 391 395 478 661 749 765 826 932 1013 
10 40 47 190 217 332 346 505 687 710 813 856 887 
23 65 127 129 276 433 483 619 635 719 852 869 982 
120 142 183 220 272 528 572 671 703 732 822 1019 1037 
124 233 336 424 430 605 606 641 657 756 904 956 998 
29 90 153 192 269 489 554 587 654 755 837 903 939 
18 22 215 242 422 510 676 707 708 783 861 865 916 
133 285 368 455 484 523 554 629 735 787 827 989 1047 
43 190 251 275 403 461 576 672 754 782 814 919 985 
87 147 212 329 360 407 635 688 716 772 827 1009 1031 
53 114 139 153 375 382 507 613 693 752 832 874 930 
100 178 219 231 334 480 538 572 595 744 952 984 1000 
97 195 254 280 314 490 507 621 642 744 924 1016 1032 
11 14 66 93 265 330 365 616 632 708 867 929 994 
136 158 202 255 359 455 551 563 660 705 853 898 959 
2 88 176 446 465 495 601 610 732 739 814 935 1052 
9 95 205 206 431 562 571 597 630 737 887 905 957 
86 408 456 511 591 612 626 699 718 810 937 949 995 
23 117 182 221 337 499 580 682 759 763 833 954 1031 
63 141 146 321 437 467 502 530 655 810 843 846 850 
37 66 122 305 344 380 466 546 653 785 885 894 914 
1 52 281 301 375 412 628 723 768 801 857 866 917 
55 257 366 405 413 449 475 491 676 681 819 841 915 
4 151 206 219 278 291 360 417 453 512 819 994 1017 
19 202 207 228 308 594 622 625 669 791 914 1030 1034 
31 119 200 289 340 368 506 562 620 760 829 890 1041 
41 117 199 287 502 514 577 581 597 648 922 970 986 
44 71 82 161 365 375 414 623 633 677 851 907 1003 
181 199 268 308 376 385 483 495 529 608 862 915 960 
152 249 270 315 445 575 611 648 733 789 918 923 1040 
32 78 210 378 388 415 481 591 598 725 845 861 972 
9 44 64 115 210 299 369 469 615 763 926 929 986 
36 59 113 179 221 230 550 569 694 800 847 959 976 
27 58 232 340 383 403 515 569 607 721 813 823 954 
111 267 433 439 441 527 532 583 627 725 901 950 990 
125 292 321 380 438 494 517 558 791 796 943 1017 1054 
2 100 184 193 226 290 296 374 574 636 905 919 994 
100 218 232 274 320 369 666 695 745 755 828 873 983 
57 163 167 198 437 488 554 599 621 691 949 969 1008 
28 86 256 297 431 492 584 606 608 662 873 874 1056 
40 49 74 178 215 218 696 700 741 806 854 857 953 
53 103 248 439 487 528 568 603 777 802 863 961 999 
61 90 119 130 150 632 643 746 807 811 953 968 975 
0 88 132 137 221 400 603 609 639 713 822 1022 1055 
24 74 124 239 278 400 469 513 750 794 867 877 903 
230 237 243 283 333 364 496 589 736 768 843 1006 1035 
19 47 277 344 365 370 534 548 713 715 892 951 1021 
28 179 235 272 390 512 684 708 762 767 816 820 997 
93 293 299 366 440 478 581 689 754 775 940 969 996 
12 79 106 269 331 347 350 516 582 745 891 933 1033 
43 206 238 354 423 454 625 658 663 711 870 948 1022 
127 152 329 363 439 482 560 594 685 758 875 1027 1029 
9 342 363 452 459 488 532 548 692 734 918 992 1023 
109 141 156 177 193 213 474 680 727 794 844 934 954 
72 80 167 184 241 328 384 390 436 631 836 1022 1040 
54 66 451 511 524 541 602 624 637 709 835 931 990 
3 15 105 126 275 548 582 595 726 774 823 901 1004 
16 63 144 169 178 303 622 707 730 770 905 1011 1044 
65 143 196 335 537 624 636 738 769 775 840 963 1041 
203 233 306 317 426 487 545 618 663 784 923 976 1021 
50 89 102 412 527 596 661 711 713 747 886 911 1017 
15 114 155 182 225 298 325 446 544 720 918 956 977 
4 33 239 250 341 448 529 530 628 785 965 1033 1047 
130 158 180 236 305 357 485 559 584 646 854 913 942 
155 304 359 361 371 457 531 590 696 712 832 941 1054 
41 139 163 184 224 288 297 461 519 639 858 1023 1038 
17 265 300 388 453 470 492 748 761 807 931 1013 1049 
10 187 188 235 338 416 473 524 560 803 850 870 964 
103 126 295 303 322 369 378 419 668 734 839 955 997 
61 109 123 174 283 332 337 348 521 585 831 916 935 
110 175 212 260 349 471 514 593 750 812 815 887 910 
3 35 204 329 387 461 666 668 686 776 816 889 1046 
70 122 128 261 319 529 600 626 643 684 929 984 1013 
8 84 137 149 203 444 525 638 682 768 871 883 960 
85 96 266 425 486 695 738 764 765 766 817 894 1043 
27 46 52 113 159 310 615 617 673 675 845 925 938 
87 196 244 342 379 429 592 637 760 799 818 900 909 
105 172 213 247 386 405 492 656 687 797 947 1009 1015 
244 245 355 468 597 652 663 673 749 754 916 1043 1044 
78 175 188 213 214 328 496 513 720 772 882 979 1028 
32 62 301 460 566 638 655 657 781 787 815 898 1041 
54 265 493 498 645 692 704 717 766 777 893 983 1045 
17 73 115 183 199 501 652 679 689 715 872 973 1056 
144 274 313 373 376 389 424 485 577 807 932 966 1015 
24 51 79 313 318 571 572 578 640 731 885 930 972 
238 263 282 285 310 324 470 579 710 760 902 1020 1056 
13 104 154 273 361 381 520 557 722 743 892 1003 1027 
65 280 321 441 560 644 698 734 759 777 818 910 931 
26 45 220 222 311 351 383 432 498 700 851 879 920 
59 64 315 345 373 420 641 697 783 795 821 951 1034 
34 234 280 543 547 600 604 681 762 793 906 912 1018 
176 191 289 314 417 442 451 505 568 664 958 979 1031 
25 67 79 222 234 584 612 764 786 808 820 868 1019 
71 95 101 131 149 186 422 430 481 620 832 878 949 
195 253 303 339 427 482 517 531 804 809 920 933 1010 
185 244 260 459 463 526 667 721 753 769 874 1002 1016 
106 209 372 406 481 594 693 755 771 778 988 1045 1046 
2 119 295 344 482 497 585 677 782 793 850 864 869 
68 175 257 271 284 437 443 608 623 647 951 1000 1045 
22 85 148 356 477 551 636 699 723 744 886 927 964 
90 105 155 160 356 465 546 641 701 788 849 854 872 
73 135 264 279 312 358 443 522 766 792 846 907 963 
4 22 111 166 414 464 479 565 693 710 945 960 989 
67 226 269 336 420 425 576 665 741 757 824 1005 1007 
267 401 402 432 434 504 550 579 731 774 912 1019 1025 
204 263 343 352 446 452 467 542 557 771 855 975 1009 
24 26 30 165 168 429 517 521 727 765 987 996 1024 
225 237 294 296 367 506 522 556 583 598 896 915 1054 
10 23 463 607 611 637 655 697 704 792 819 934 973 
15 69 91 284 327 607 706 712 745 758 857 957 959 
63 75 157 222 275 313 456 464 510 549 825 974 1050 
35 49 120 165 418 442 605 612 674 698 834 848 883 
143 201 228 246 248 259 506 525 569 722 970 1005 1055 
5 34 131 196 212 324 518 589 690 730 849 880 1021 
39 78 112 173 223 281 307 520 571 642 858 863 909 
182 187 432 491 620 770 778 796 802 805 852 896 933 
157 208 434 445 472 502 541 558 714 798 813 881 1033 
5 94 98 192 351 401 458 474 485 757 847 883 906 
101 128 147 393 397 398 399 579 685 707 817 962 1003 
76 134 166 286 392 450 634 705 783 801 840 842 895 
74 216 237 417 479 518 605 706 799 808 946 981 1039 
34 145 306 394 397 538 542 628 688 705 884 936 957 
30 47 225 258 494 501 514 530 642 762 921 1036 1051 
80 139 179 264 304 331 477 588 717 795 939 955 1046 
164 261 288 334 416 421 426 435 791 795 815 847 1055 
21 168 207 238 248 307 334 438 556 573 871 1029 1053 
25 247 259 396 435 592 633 678 711 753 944 982 1036 
123 138 326 341 370 402 413 459 564 811 880 1012 1044 
61 88 245 264 266 299 361 411 535 779 880 961 1002 
94 125 272 315 316 602 627 650 723 779 860 878 1030 
92 197 216 226 252 271 410 431 559 617 888 1001 1006 
45 92 158 354 377 381 416 521 590 730 914 926 977 
159 170 250 294 330 445 508 534 561 735 913 1014 1037 
14 55 83 144 194 224 252 540 683 699 943 950 965 
77 142 171 357 427 479 493 568 679 790 862 921 948 
84 110 156 314 331 450 476 566 668 803 868 876 968 
18 70 77 152 191 287 316 338 466 671 961 975 1018 
7 33 172 177 214 384 408 526 629 731 828 871 948 
64 162 261 298 499 501 553 603 618 737 820 827 864 
126 135 318 320 364 413 565 653 685 756 825 881 891 
29 56 150 205 332 404 536 540 649 740 991 997 1032 
107 125 138 162 194 262 451 503 546 690 920 964 981 
54 102 136 160 169 173 497 650 667 774 967 999 1039 
87 136 138 143 249 325 383 586 724 803 971 979 1032 
70 129 250 255 388 422 444 547 573 733 884 992 1035 
25 62 200 297 357 392 549 565 586 610 999 1004 1049 
39 151 188 268 283 286 289 615 658 703 852 913 1042 
40 83 142 176 262 371 409 464 474 573 927 1042 1047 
53 56 82 86 185 450 466 698 724 780 947 958 962 
6 81 135 230 291 338 567 614 704 751 844 937 987 
36 62 128 231 253 323 343 558 618 672 987 1034 1039 
0 107 116 140 174 187 202 247 595 786 855 922 966 
7 71 96 98 356 528 647 659 739 747 889 924 1036 
111 397 412 428 555 614 648 669 793 797 1008 1024 1053 
108 366 424 634 654 669 694 729 741 786 821 888 972 
170 183 218 374 396 436 449 507 542 789 833 898 978 
121 156 162 360 374 509 633 714 748 779 816 835 897 
274 293 327 504 552 561 632 653 682 691 859 864 917 
73 229 326 414 426 447 520 539 575 692 859 935 991 
153 240 380 443 523 630 696 716 758 805 869 998 1006 
14 99 203 228 456 462 470 651 670 728 863 1014 1026 
116 146 232 256 278 364 390 577 689 733 814 826 842 
104 149 229 236 323 452 535 617 683 776 865 903 946 
32 80 120 281 293 345 359 518 596 645 860 902 943 
6 12 57 161 508 552 566 674 800 812 921 946 1000 
168 186 415 418 480 555 679 712 735 773 822 995 1007 
154 257 290 322 442 544 561 562 625 757 937 1011 1015 
6 118 164 224 336 398 496 536 604 684 907 1010 1049 
132 205 209 254 270 448 533 545 775 792 831 844 947 
249 320 379 465 484 513 585 640 700 773 936 941 945 
39 49 72 124 211 234 284 523 533 686 870 900 942 
76 109 161 263 305 347 575 610 726 781 928 1005 1051 
146 268 317 353 480 680 721 722 799 897 906 945 
