57 374 497 698 889 973 1053 
58 375 498 699 890 974 1054 
59 376 499 700 810 975 1055 
60 377 500 701 811 976 1056 
61 378 501 702 812 977 1057 
62 379 502 703 813 978 1058 
63 380 503 704 814 979 1059 
64 381 504 705 815 980 1060 
65 382 505 706 816 981 1061 
66 383 506 707 817 982 1062 
67 384 507 708 818 983 1063 
68 385 508 709 819 984 1064 
69 386 509 710 820 985 1065 
70 387 510 711 821 986 1066 
71 388 511 712 822 987 1067 
72 389 512 713 823 988 1068 
73 390 513 714 824 989 1069 
74 391 514 715 825 990 1070 
75 392 515 716 826 991 1071 
76 393 516 717 827 992 1072 
77 394 517 718 828 993 1073 
78 395 518 719 829 994 1074 
79 396 519 720 830 995 1075 
80 397 520 721 831 996 1076 
0 398 521 722 832 997 1077 
1 399 522 723 833 998 1078 
2 400 523 724 834 999 1079 
3 401 524 725 835 1000 1080 
4 402 525 726 836 1001 1081 
5 403 526 727 837 1002 1082 
6 404 527 728 838 1003 1083 
7 324 528 648 839 1004 1084 
8 325 529 649 840 1005 1085 
9 326 530 650 841 1006 1086 
10 327 531 651 842 1007 1087 
11 328 532 652 843 1008 1088 
12 329 533 653 844 1009 1089 
13 330 534 654 845 1010 1090 
14 331 535 655 846 1011 1091 
15 332 536 656 847 1012 1092 
16 333 537 657 848 1013 1093 
17 334 538 658 849 1014 1094 
18 335 539 659 850 1015 1095 
19 336 540 660 851 1016 1096 
20 337 541 661 852 1017 1097 
21 338 542 662 853 1018 1098 
22 339 543 663 854 1019 1099 
23 340 544 664 855 1020 1100 
24 341 545 665 856 1021 1101 
25 342 546 666 857 1022 1102 
26 343 547 667 858 1023 1103 
27 344 548 668 859 1024 1104 
28 345 549 669 860 1025 1105 
29 346 550 670 861 1026 1106 
30 347 551 671 862 1027 1107 
31 348 552 672 863 1028 1108 
32 349 553 673 864 1029 1109 
33 350 554 674 865 1030 1110 
34 351 555 675 866 1031 1111 
35 352 556 676 867 1032 1112 
36 353 557 677 868 1033 1113 
37 354 558 678 869 1034 1114 
38 355 559 679 870 1035 1115 
39 356 560 680 871 1036 1116 
40 357 561 681 872 1037 1117 
41 358 562 682 873 1038 1118 
42 359 563 683 874 1039 1119 
43 360 564 684 875 1040 1120 
44 361 565 685 876 1041 1121 
45 362 566 686 877 1042 1122 
46 363 486 687 878 1043 1123 
47 364 487 688 879 1044 1124 
48 365 488 689 880 1045 1125 
49 366 489 690 881 1046 1126 
50 367 490 691 882 1047 1127 
51 368 491 692 883 1048 1128 
52 369 492 693 884 1049 1129 
53 370 493 694 885 1050 1130 
54 371 494 695 886 1051 1131 
55 372 495 696 887 1052 1132 
56 373 496 697 888 972 1133 
3 190 324 703 736 1053 1134 
4 191 325 704 737 1054 1135 
5 192 326 705 738 1055 1136 
6 193 327 706 739 1056 1137 
7 194 328 707 740 1057 1138 
8 195 329 708 741 1058 1139 
9 196 330 709 742 1059 1140 
10 197 331 710 743 1060 1141 
11 198 332 711 744 1061 1142 
12 199 333 712 745 1062 1143 
13 200 334 713 746 1063 1144 
14 201 335 714 747 1064 1145 
15 202 336 715 748 1065 1146 
16 203 337 716 749 1066 1147 
17 204 338 717 750 1067 1148 
18 205 339 718 751 1068 1149 
19 206 340 719 752 1069 1150 
20 207 341 720 753 1070 1151 
21 208 342 721 754 1071 1152 
22 209 343 722 755 1072 1153 
23 210 344 723 756 1073 1154 
24 211 345 724 757 1074 1155 
25 212 346 725 758 1075 1156 
26 213 347 726 759 1076 1157 
27 214 348 727 760 1077 1158 
28 215 349 728 761 1078 1159 
29 216 350 648 762 1079 1160 
30 217 351 649 763 1080 1161 
31 218 352 650 764 1081 1162 
32 219 353 651 765 1082 1163 
33 220 354 652 766 1083 1164 
34 221 355 653 767 1084 1165 
35 222 356 654 768 1085 1166 
36 223 357 655 769 1086 1167 
37 224 358 656 770 1087 1168 
38 225 359 657 771 1088 1169 
39 226 360 658 772 1089 1170 
40 227 361 659 773 1090 1171 
41 228 362 660 774 1091 1172 
42 229 363 661 775 1092 1173 
43 230 364 662 776 1093 1174 
44 231 365 663 777 1094 1175 
45 232 366 664 778 1095 1176 
46 233 367 665 779 1096 1177 
47 234 368 666 780 1097 1178 
48 235 369 667 781 1098 1179 
49 236 370 668 782 1099 1180 
50 237 371 669 783 1100 1181 
51 238 372 670 784 1101 1182 
52 239 373 671 785 1102 1183 
53 240 374 672 786 1103 1184 
54 241 375 673 787 1104 1185 
55 242 376 674 788 1105 1186 
56 162 377 675 789 1106 1187 
57 163 378 676 790 1107 1188 
58 164 379 677 791 1108 1189 
59 165 380 678 792 1109 1190 
60 166 381 679 793 1110 1191 
61 167 382 680 794 1111 1192 
62 168 383 681 795 1112 1193 
63 169 384 682 796 1113 1194 
64 170 385 683 797 1114 1195 
65 171 386 684 798 1115 1196 
66 172 387 685 799 1116 1197 
67 173 388 686 800 1117 1198 
68 174 389 687 801 1118 1199 
69 175 390 688 802 1119 1200 
70 176 391 689 803 1120 1201 
71 177 392 690 804 1121 1202 
72 178 393 691 805 1122 1203 
73 179 394 692 806 1123 1204 
74 180 395 693 807 1124 1205 
75 181 396 694 808 1125 1206 
76 182 397 695 809 1126 1207 
77 183 398 696 729 1127 1208 
78 184 399 697 730 1128 1209 
79 185 400 698 731 1129 1210 
80 186 401 699 732 1130 1211 
0 187 402 700 733 1131 1212 
1 188 403 701 734 1132 1213 
2 189 404 702 735 1133 1214 
30 348 442 704 743 1134 1215 
31 349 443 705 744 1135 1216 
32 350 444 706 745 1136 1217 
33 351 445 707 746 1137 1218 
34 352 446 708 747 1138 1219 
35 353 447 709 748 1139 1220 
36 354 448 710 749 1140 1221 
37 355 449 711 750 1141 1222 
38 356 450 712 751 1142 1223 
39 357 451 713 752 1143 1224 
40 358 452 714 753 1144 1225 
41 359 453 715 754 1145 1226 
42 360 454 716 755 1146 1227 
43 361 455 717 756 1147 1228 
44 362 456 718 757 1148 1229 
45 363 457 719 758 1149 1230 
46 364 458 720 759 1150 1231 
47 365 459 721 760 1151 1232 
48 366 460 722 761 1152 1233 
49 367 461 723 762 1153 1234 
50 368 462 724 763 1154 1235 
51 369 463 725 764 1155 1236 
52 370 464 726 765 1156 1237 
53 371 465 727 766 1157 1238 
54 372 466 728 767 1158 1239 
55 373 467 648 768 1159 1240 
56 374 468 649 769 1160 1241 
57 375 469 650 770 1161 1242 
58 376 470 651 771 1162 1243 
59 377 471 652 772 1163 1244 
60 378 472 653 773 1164 1245 
61 379 473 654 774 1165 1246 
62 380 474 655 775 1166 1247 
63 381 475 656 776 1167 1248 
64 382 476 657 777 1168 1249 
65 383 477 658 778 1169 1250 
66 384 478 659 779 1170 1251 
67 385 479 660 780 1171 1252 
68 386 480 661 781 1172 1253 
69 387 481 662 782 1173 1254 
70 388 482 663 783 1174 1255 
71 389 483 664 784 1175 1256 
72 390 484 665 785 1176 1257 
73 391 485 666 786 1177 1258 
74 392 405 667 787 1178 1259 
75 393 406 668 788 1179 1260 
76 394 407 669 789 1180 1261 
77 395 408 670 790 1181 1262 
78 396 409 671 791 1182 1263 
79 397 410 672 792 1183 1264 
80 398 411 673 793 1184 1265 
0 399 412 674 794 1185 1266 
1 400 413 675 795 1186 1267 
2 401 414 676 796 1187 1268 
3 402 415 677 797 1188 1269 
4 403 416 678 798 1189 1270 
5 404 417 679 799 1190 1271 
6 324 418 680 800 1191 1272 
7 325 419 681 801 1192 1273 
8 326 420 682 802 1193 1274 
9 327 421 683 803 1194 1275 
10 328 422 684 804 1195 1276 
11 329 423 685 805 1196 1277 
12 330 424 686 806 1197 1278 
13 331 425 687 807 1198 1279 
14 332 426 688 808 1199 1280 
15 333 427 689 809 1200 1281 
16 334 428 690 729 1201 1282 
17 335 429 691 730 1202 1283 
18 336 430 692 731 1203 1284 
19 337 431 693 732 1204 1285 
20 338 432 694 733 1205 1286 
21 339 433 695 734 1206 1287 
22 340 434 696 735 1207 1288 
23 341 435 697 736 1208 1289 
24 342 436 698 737 1209 1290 
25 343 437 699 738 1210 1291 
26 344 438 700 739 1211 1292 
27 345 439 701 740 1212 1293 
28 346 440 702 741 1213 1294 
29 347 441 703 742 1214 1295 
62 134 377 570 683 1215 1296 
63 135 378 571 684 1216 1297 
64 136 379 572 685 1217 1298 
65 137 380 573 686 1218 1299 
66 138 381 574 687 1219 1300 
67 139 382 575 688 1220 1301 
68 140 383 576 689 1221 1302 
69 141 384 577 690 1222 1303 
70 142 385 578 691 1223 1304 
71 143 386 579 692 1224 1305 
72 144 387 580 693 1225 1306 
73 145 388 581 694 1226 1307 
74 146 389 582 695 1227 1308 
75 147 390 583 696 1228 1309 
76 148 391 584 697 1229 1310 
77 149 392 585 698 1230 1311 
78 150 393 586 699 1231 1312 
79 151 394 587 700 1232 1313 
80 152 395 588 701 1233 1314 
0 153 396 589 702 1234 1315 
1 154 397 590 703 1235 1316 
2 155 398 591 704 1236 1317 
3 156 399 592 705 1237 1318 
4 157 400 593 706 1238 1319 
5 158 401 594 707 1239 1320 
6 159 402 595 708 1240 1321 
7 160 403 596 709 1241 1322 
8 161 404 597 710 1242 1323 
9 81 324 598 711 1243 1324 
10 82 325 599 712 1244 1325 
11 83 326 600 713 1245 1326 
12 84 327 601 714 1246 1327 
13 85 328 602 715 1247 1328 
14 86 329 603 716 1248 1329 
15 87 330 604 717 1249 1330 
16 88 331 605 718 1250 1331 
17 89 332 606 719 1251 1332 
18 90 333 607 720 1252 1333 
19 91 334 608 721 1253 1334 
20 92 335 609 722 1254 1335 
21 93 336 610 723 1255 1336 
22 94 337 611 724 1256 1337 
23 95 338 612 725 1257 1338 
24 96 339 613 726 1258 1339 
25 97 340 614 727 1259 1340 
26 98 341 615 728 1260 1341 
27 99 342 616 648 1261 1342 
28 100 343 617 649 1262 1343 
29 101 344 618 650 1263 1344 
30 102 345 619 651 1264 1345 
31 103 346 620 652 1265 1346 
32 104 347 621 653 1266 1347 
33 105 348 622 654 1267 1348 
34 106 349 623 655 1268 1349 
35 107 350 624 656 1269 1350 
36 108 351 625 657 1270 1351 
37 109 352 626 658 1271 1352 
38 110 353 627 659 1272 1353 
39 111 354 628 660 1273 1354 
40 112 355 629 661 1274 1355 
41 113 356 630 662 1275 1356 
42 114 357 631 663 1276 1357 
43 115 358 632 664 1277 1358 
44 116 359 633 665 1278 1359 
45 117 360 634 666 1279 1360 
46 118 361 635 667 1280 1361 
47 119 362 636 668 1281 1362 
48 120 363 637 669 1282 1363 
49 121 364 638 670 1283 1364 
50 122 365 639 671 1284 1365 
51 123 366 640 672 1285 1366 
52 124 367 641 673 1286 1367 
53 125 368 642 674 1287 1368 
54 126 369 643 675 1288 1369 
55 127 370 644 676 1289 1370 
56 128 371 645 677 1290 1371 
57 129 372 646 678 1291 1372 
58 130 373 647 679 1292 1373 
59 131 374 567 680 1293 1374 
60 132 375 568 681 1294 1375 
61 133 376 569 682 1295 1376 
40 263 390 589 676 1296 1377 
41 264 391 590 677 1297 1378 
42 265 392 591 678 1298 1379 
43 266 393 592 679 1299 1380 
44 267 394 593 680 1300 1381 
45 268 395 594 681 1301 1382 
46 269 396 595 682 1302 1383 
47 270 397 596 683 1303 1384 
48 271 398 597 684 1304 1385 
49 272 399 598 685 1305 1386 
50 273 400 599 686 1306 1387 
51 274 401 600 687 1307 1388 
52 275 402 601 688 1308 1389 
53 276 403 602 689 1309 1390 
54 277 404 603 690 1310 1391 
55 278 324 604 691 1311 1392 
56 279 325 605 692 1312 1393 
57 280 326 606 693 1313 1394 
58 281 327 607 694 1314 1395 
59 282 328 608 695 1315 1396 
60 283 329 609 696 1316 1397 
61 284 330 610 697 1317 1398 
62 285 331 611 698 1318 1399 
63 286 332 612 699 1319 1400 
64 287 333 613 700 1320 1401 
65 288 334 614 701 1321 1402 
66 289 335 615 702 1322 1403 
67 290 336 616 703 1323 1404 
68 291 337 617 704 1324 1405 
69 292 338 618 705 1325 1406 
70 293 339 619 706 1326 1407 
71 294 340 620 707 1327 1408 
72 295 341 621 708 1328 1409 
73 296 342 622 709 1329 1410 
74 297 343 623 710 1330 1411 
75 298 344 624 711 1331 1412 
76 299 345 625 712 1332 1413 
77 300 346 626 713 1333 1414 
78 301 347 627 714 1334 1415 
79 302 348 628 715 1335 1416 
80 303 349 629 716 1336 1417 
0 304 350 630 717 1337 1418 
1 305 351 631 718 1338 1419 
2 306 352 632 719 1339 1420 
3 307 353 633 720 1340 1421 
4 308 354 634 721 1341 1422 
5 309 355 635 722 1342 1423 
6 310 356 636 723 1343 1424 
7 311 357 637 724 1344 1425 
8 312 358 638 725 1345 1426 
9 313 359 639 726 1346 1427 
10 314 360 640 727 1347 1428 
11 315 361 641 728 1348 1429 
12 316 362 642 648 1349 1430 
13 317 363 643 649 1350 1431 
14 318 364 644 650 1351 1432 
15 319 365 645 651 1352 1433 
16 320 366 646 652 1353 1434 
17 321 367 647 653 1354 1435 
18 322 368 567 654 1355 1436 
19 323 369 568 655 1356 1437 
20 243 370 569 656 1357 1438 
21 244 371 570 657 1358 1439 
22 245 372 571 658 1359 1440 
23 246 373 572 659 1360 1441 
24 247 374 573 660 1361 1442 
25 248 375 574 661 1362 1443 
26 249 376 575 662 1363 1444 
27 250 377 576 663 1364 1445 
28 251 378 577 664 1365 1446 
29 252 379 578 665 1366 1447 
30 253 380 579 666 1367 1448 
31 254 381 580 667 1368 1449 
32 255 382 581 668 1369 1450 
33 256 383 582 669 1370 1451 
34 257 384 583 670 1371 1452 
35 258 385 584 671 1372 1453 
36 259 386 585 672 1373 1454 
37 260 387 586 673 1374 1455 
38 261 388 587 674 1375 1456 
39 262 389 588 675 1376 1457 
0 332 528 698 899 1377 1458 
1 333 529 699 900 1378 1459 
2 334 530 700 901 1379 1460 
3 335 531 701 902 1380 1461 
4 336 532 702 903 1381 1462 
5 337 533 703 904 1382 1463 
6 338 534 704 905 1383 1464 
7 339 535 705 906 1384 1465 
8 340 536 706 907 1385 1466 
9 341 537 707 908 1386 1467 
10 342 538 708 909 1387 1468 
11 343 539 709 910 1388 1469 
12 344 540 710 911 1389 1470 
13 345 541 711 912 1390 1471 
14 346 542 712 913 1391 1472 
15 347 543 713 914 1392 1473 
16 348 544 714 915 1393 1474 
17 349 545 715 916 1394 1475 
18 350 546 716 917 1395 1476 
19 351 547 717 918 1396 1477 
20 352 548 718 919 1397 1478 
21 353 549 719 920 1398 1479 
22 354 550 720 921 1399 1480 
23 355 551 721 922 1400 1481 
24 356 552 722 923 1401 1482 
25 357 553 723 924 1402 1483 
26 358 554 724 925 1403 1484 
27 359 555 725 926 1404 1485 
28 360 556 726 927 1405 1486 
29 361 557 727 928 1406 1487 
30 362 558 728 929 1407 1488 
31 363 559 648 930 1408 1489 
32 364 560 649 931 1409 1490 
33 365 561 650 932 1410 1491 
34 366 562 651 933 1411 1492 
35 367 563 652 934 1412 1493 
36 368 564 653 935 1413 1494 
37 369 565 654 936 1414 1495 
38 370 566 655 937 1415 1496 
39 371 486 656 938 1416 1497 
40 372 487 657 939 1417 1498 
41 373 488 658 940 1418 1499 
42 374 489 659 941 1419 1500 
43 375 490 660 942 1420 1501 
44 376 491 661 943 1421 1502 
45 377 492 662 944 1422 1503 
46 378 493 663 945 1423 1504 
47 379 494 664 946 1424 1505 
48 380 495 665 947 1425 1506 
49 381 496 666 948 1426 1507 
50 382 497 667 949 1427 1508 
51 383 498 668 950 1428 1509 
52 384 499 669 951 1429 1510 
53 385 500 670 952 1430 1511 
54 386 501 671 953 1431 1512 
55 387 502 672 954 1432 1513 
56 388 503 673 955 1433 1514 
57 389 504 674 956 1434 1515 
58 390 505 675 957 1435 1516 
59 391 506 676 958 1436 1517 
60 392 507 677 959 1437 1518 
61 393 508 678 960 1438 1519 
62 394 509 679 961 1439 1520 
63 395 510 680 962 1440 1521 
64 396 511 681 963 1441 1522 
65 397 512 682 964 1442 1523 
66 398 513 683 965 1443 1524 
67 399 514 684 966 1444 1525 
68 400 515 685 967 1445 1526 
69 401 516 686 968 1446 1527 
70 402 517 687 969 1447 1528 
71 403 518 688 970 1448 1529 
72 404 519 689 971 1449 1530 
73 324 520 690 891 1450 1531 
74 325 521 691 892 1451 1532 
75 326 522 692 893 1452 1533 
76 327 523 693 894 1453 1534 
77 328 524 694 895 1454 1535 
78 329 525 695 896 1455 1536 
79 330 526 696 897 1456 1537 
80 331 527 697 898 1457 1538 
69 160 241 542 700 972 1458 1539 
70 161 242 543 701 973 1459 1540 
71 81 162 544 702 974 1460 1541 
72 82 163 545 703 975 1461 1542 
73 83 164 546 704 976 1462 1543 
74 84 165 547 705 977 1463 1544 
75 85 166 548 706 978 1464 1545 
76 86 167 549 707 979 1465 1546 
77 87 168 550 708 980 1466 1547 
78 88 169 551 709 981 1467 1548 
79 89 170 552 710 982 1468 1549 
80 90 171 553 711 983 1469 1550 
0 91 172 554 712 984 1470 1551 
1 92 173 555 713 985 1471 1552 
2 93 174 556 714 986 1472 1553 
3 94 175 557 715 987 1473 1554 
4 95 176 558 716 988 1474 1555 
5 96 177 559 717 989 1475 1556 
6 97 178 560 718 990 1476 1557 
7 98 179 561 719 991 1477 1558 
8 99 180 562 720 992 1478 1559 
9 100 181 563 721 993 1479 1560 
10 101 182 564 722 994 1480 1561 
11 102 183 565 723 995 1481 1562 
12 103 184 566 724 996 1482 1563 
13 104 185 486 725 997 1483 1564 
14 105 186 487 726 998 1484 1565 
15 106 187 488 727 999 1485 1566 
16 107 188 489 728 1000 1486 1567 
17 108 189 490 648 1001 1487 1568 
18 109 190 491 649 1002 1488 1569 
19 110 191 492 650 1003 1489 1570 
20 111 192 493 651 1004 1490 1571 
21 112 193 494 652 1005 1491 1572 
22 113 194 495 653 1006 1492 1573 
23 114 195 496 654 1007 1493 1574 
24 115 196 497 655 1008 1494 1575 
25 116 197 498 656 1009 1495 1576 
26 117 198 499 657 1010 1496 1577 
27 118 199 500 658 1011 1497 1578 
28 119 200 501 659 1012 1498 1579 
29 120 201 502 660 1013 1499 1580 
30 121 202 503 661 1014 1500 1581 
31 122 203 504 662 1015 1501 1582 
32 123 204 505 663 1016 1502 1583 
33 124 205 506 664 1017 1503 1584 
34 125 206 507 665 1018 1504 1585 
35 126 207 508 666 1019 1505 1586 
36 127 208 509 667 1020 1506 1587 
37 128 209 510 668 1021 1507 1588 
38 129 210 511 669 1022 1508 1589 
39 130 211 512 670 1023 1509 1590 
40 131 212 513 671 1024 1510 1591 
41 132 213 514 672 1025 1511 1592 
42 133 214 515 673 1026 1512 1593 
43 134 215 516 674 1027 1513 1594 
44 135 216 517 675 1028 1514 1595 
45 136 217 518 676 1029 1515 1596 
46 137 218 519 677 1030 1516 1597 
47 138 219 520 678 1031 1517 1598 
48 139 220 521 679 1032 1518 1599 
49 140 221 522 680 1033 1519 1600 
50 141 222 523 681 1034 1520 1601 
51 142 223 524 682 1035 1521 1602 
52 143 224 525 683 1036 1522 1603 
53 144 225 526 684 1037 1523 1604 
54 145 226 527 685 1038 1524 1605 
55 146 227 528 686 1039 1525 1606 
56 147 228 529 687 1040 1526 1607 
57 148 229 530 688 1041 1527 1608 
58 149 230 531 689 1042 1528 1609 
59 150 231 532 690 1043 1529 1610 
60 151 232 533 691 1044 1530 1611 
61 152 233 534 692 1045 1531 1612 
62 153 234 535 693 1046 1532 1613 
63 154 235 536 694 1047 1533 1614 
64 155 236 537 695 1048 1534 1615 
65 156 237 538 696 1049 1535 1616 
66 157 238 539 697 1050 1536 1617 
67 158 239 540 698 1051 1537 1618 
68 159 240 541 699 1052 1538 1619 
65 362 462 720 837 1539 1620 
66 363 463 721 838 1540 1621 
67 364 464 722 839 1541 1622 
68 365 465 723 840 1542 1623 
69 366 466 724 841 1543 1624 
70 367 467 725 842 1544 1625 
71 368 468 726 843 1545 1626 
72 369 469 727 844 1546 1627 
73 370 470 728 845 1547 1628 
74 371 471 648 846 1548 1629 
75 372 472 649 847 1549 1630 
76 373 473 650 848 1550 1631 
77 374 474 651 849 1551 1632 
78 375 475 652 850 1552 1633 
79 376 476 653 851 1553 1634 
80 377 477 654 852 1554 1635 
0 378 478 655 853 1555 1636 
1 379 479 656 854 1556 1637 
2 380 480 657 855 1557 1638 
3 381 481 658 856 1558 1639 
4 382 482 659 857 1559 1640 
5 383 483 660 858 1560 1641 
6 384 484 661 859 1561 1642 
7 385 485 662 860 1562 1643 
8 386 405 663 861 1563 1644 
9 387 406 664 862 1564 1645 
10 388 407 665 863 1565 1646 
11 389 408 666 864 1566 1647 
12 390 409 667 865 1567 1648 
13 391 410 668 866 1568 1649 
14 392 411 669 867 1569 1650 
15 393 412 670 868 1570 1651 
16 394 413 671 869 1571 1652 
17 395 414 672 870 1572 1653 
18 396 415 673 871 1573 1654 
19 397 416 674 872 1574 1655 
20 398 417 675 873 1575 1656 
21 399 418 676 874 1576 1657 
22 400 419 677 875 1577 1658 
23 401 420 678 876 1578 1659 
24 402 421 679 877 1579 1660 
25 403 422 680 878 1580 1661 
26 404 423 681 879 1581 1662 
27 324 424 682 880 1582 1663 
28 325 425 683 881 1583 1664 
29 326 426 684 882 1584 1665 
30 327 427 685 883 1585 1666 
31 328 428 686 884 1586 1667 
32 329 429 687 885 1587 1668 
33 330 430 688 886 1588 1669 
34 331 431 689 887 1589 1670 
35 332 432 690 888 1590 1671 
36 333 433 691 889 1591 1672 
37 334 434 692 890 1592 1673 
38 335 435 693 810 1593 1674 
39 336 436 694 811 1594 1675 
40 337 437 695 812 1595 1676 
41 338 438 696 813 1596 1677 
42 339 439 697 814 1597 1678 
43 340 440 698 815 1598 1679 
44 341 441 699 816 1599 1680 
45 342 442 700 817 1600 1681 
46 343 443 701 818 1601 1682 
47 344 444 702 819 1602 1683 
48 345 445 703 820 1603 1684 
49 346 446 704 821 1604 1685 
50 347 447 705 822 1605 1686 
51 348 448 706 823 1606 1687 
52 349 449 707 824 1607 1688 
53 350 450 708 825 1608 1689 
54 351 451 709 826 1609 1690 
55 352 452 710 827 1610 1691 
56 353 453 711 828 1611 1692 
57 354 454 712 829 1612 1693 
58 355 455 713 830 1613 1694 
59 356 456 714 831 1614 1695 
60 357 457 715 832 1615 1696 
61 358 458 716 833 1616 1697 
62 359 459 717 834 1617 1698 
63 360 460 718 835 1618 1699 
64 361 461 719 836 1619 1700 
64 338 457 678 923 1620 1701 
65 339 458 679 924 1621 1702 
66 340 459 680 925 1622 1703 
67 341 460 681 926 1623 1704 
68 342 461 682 927 1624 1705 
69 343 462 683 928 1625 1706 
70 344 463 684 929 1626 1707 
71 345 464 685 930 1627 1708 
72 346 465 686 931 1628 1709 
73 347 466 687 932 1629 1710 
74 348 467 688 933 1630 1711 
75 349 468 689 934 1631 1712 
76 350 469 690 935 1632 1713 
77 351 470 691 936 1633 1714 
78 352 471 692 937 1634 1715 
79 353 472 693 938 1635 1716 
80 354 473 694 939 1636 1717 
0 355 474 695 940 1637 1718 
1 356 475 696 941 1638 1719 
2 357 476 697 942 1639 1720 
3 358 477 698 943 1640 1721 
4 359 478 699 944 1641 1722 
5 360 479 700 945 1642 1723 
6 361 480 701 946 1643 1724 
7 362 481 702 947 1644 1725 
8 363 482 703 948 1645 1726 
9 364 483 704 949 1646 1727 
10 365 484 705 950 1647 1728 
11 366 485 706 951 1648 1729 
12 367 405 707 952 1649 1730 
13 368 406 708 953 1650 1731 
14 369 407 709 954 1651 1732 
15 370 408 710 955 1652 1733 
16 371 409 711 956 1653 1734 
17 372 410 712 957 1654 1735 
18 373 411 713 958 1655 1736 
19 374 412 714 959 1656 1737 
20 375 413 715 960 1657 1738 
21 376 414 716 961 1658 1739 
22 377 415 717 962 1659 1740 
23 378 416 718 963 1660 1741 
24 379 417 719 964 1661 1742 
25 380 418 720 965 1662 1743 
26 381 419 721 966 1663 1744 
27 382 420 722 967 1664 1745 
28 383 421 723 968 1665 1746 
29 384 422 724 969 1666 1747 
30 385 423 725 970 1667 1748 
31 386 424 726 971 1668 1749 
32 387 425 727 891 1669 1750 
33 388 426 728 892 1670 1751 
34 389 427 648 893 1671 1752 
35 390 428 649 894 1672 1753 
36 391 429 650 895 1673 1754 
37 392 430 651 896 1674 1755 
38 393 431 652 897 1675 1756 
39 394 432 653 898 1676 1757 
40 395 433 654 899 1677 1758 
41 396 434 655 900 1678 1759 
42 397 435 656 901 1679 1760 
43 398 436 657 902 1680 1761 
44 399 437 658 903 1681 1762 
45 400 438 659 904 1682 1763 
46 401 439 660 905 1683 1764 
47 402 440 661 906 1684 1765 
48 403 441 662 907 1685 1766 
49 404 442 663 908 1686 1767 
50 324 443 664 909 1687 1768 
51 325 444 665 910 1688 1769 
52 326 445 666 911 1689 1770 
53 327 446 667 912 1690 1771 
54 328 447 668 913 1691 1772 
55 329 448 669 914 1692 1773 
56 330 449 670 915 1693 1774 
57 331 450 671 916 1694 1775 
58 332 451 672 917 1695 1776 
59 333 452 673 918 1696 1777 
60 334 453 674 919 1697 1778 
61 335 454 675 920 1698 1779 
62 336 455 676 921 1699 1780 
63 337 456 677 922 1700 1781 
126 313 324 725 738 1701 1782 
127 314 325 726 739 1702 1783 
128 315 326 727 740 1703 1784 
129 316 327 728 741 1704 1785 
130 317 328 648 742 1705 1786 
131 318 329 649 743 1706 1787 
132 319 330 650 744 1707 1788 
133 320 331 651 745 1708 1789 
134 321 332 652 746 1709 1790 
135 322 333 653 747 1710 1791 
136 323 334 654 748 1711 1792 
137 243 335 655 749 1712 1793 
138 244 336 656 750 1713 1794 
139 245 337 657 751 1714 1795 
140 246 338 658 752 1715 1796 
141 247 339 659 753 1716 1797 
142 248 340 660 754 1717 1798 
143 249 341 661 755 1718 1799 
144 250 342 662 756 1719 1800 
145 251 343 663 757 1720 1801 
146 252 344 664 758 1721 1802 
147 253 345 665 759 1722 1803 
148 254 346 666 760 1723 1804 
149 255 347 667 761 1724 1805 
150 256 348 668 762 1725 1806 
151 257 349 669 763 1726 1807 
152 258 350 670 764 1727 1808 
153 259 351 671 765 1728 1809 
154 260 352 672 766 1729 1810 
155 261 353 673 767 1730 1811 
156 262 354 674 768 1731 1812 
157 263 355 675 769 1732 1813 
158 264 356 676 770 1733 1814 
159 265 357 677 771 1734 1815 
160 266 358 678 772 1735 1816 
161 267 359 679 773 1736 1817 
81 268 360 680 774 1737 1818 
82 269 361 681 775 1738 1819 
83 270 362 682 776 1739 1820 
84 271 363 683 777 1740 1821 
85 272 364 684 778 1741 1822 
86 273 365 685 779 1742 1823 
87 274 366 686 780 1743 1824 
88 275 367 687 781 1744 1825 
89 276 368 688 782 1745 1826 
90 277 369 689 783 1746 1827 
91 278 370 690 784 1747 1828 
92 279 371 691 785 1748 1829 
93 280 372 692 786 1749 1830 
94 281 373 693 787 1750 1831 
95 282 374 694 788 1751 1832 
96 283 375 695 789 1752 1833 
97 284 376 696 790 1753 1834 
98 285 377 697 791 1754 1835 
99 286 378 698 792 1755 1836 
100 287 379 699 793 1756 1837 
101 288 380 700 794 1757 1838 
102 289 381 701 795 1758 1839 
103 290 382 702 796 1759 1840 
104 291 383 703 797 1760 1841 
105 292 384 704 798 1761 1842 
106 293 385 705 799 1762 1843 
107 294 386 706 800 1763 1844 
108 295 387 707 801 1764 1845 
109 296 388 708 802 1765 1846 
110 297 389 709 803 1766 1847 
111 298 390 710 804 1767 1848 
112 299 391 711 805 1768 1849 
113 300 392 712 806 1769 1850 
114 301 393 713 807 1770 1851 
115 302 394 714 808 1771 1852 
116 303 395 715 809 1772 1853 
117 304 396 716 729 1773 1854 
118 305 397 717 730 1774 1855 
119 306 398 718 731 1775 1856 
120 307 399 719 732 1776 1857 
121 308 400 720 733 1777 1858 
122 309 401 721 734 1778 1859 
123 310 402 722 735 1779 1860 
124 311 403 723 736 1780 1861 
125 312 404 724 737 1781 1862 
2 137 300 359 822 1782 1863 
3 138 301 360 823 1783 1864 
4 139 302 361 824 1784 1865 
5 140 303 362 825 1785 1866 
6 141 304 363 826 1786 1867 
7 142 305 364 827 1787 1868 
8 143 306 365 828 1788 1869 
9 144 307 366 829 1789 1870 
10 145 308 367 830 1790 1871 
11 146 309 368 831 1791 1872 
12 147 310 369 832 1792 1873 
13 148 311 370 833 1793 1874 
14 149 312 371 834 1794 1875 
15 150 313 372 835 1795 1876 
16 151 314 373 836 1796 1877 
17 152 315 374 837 1797 1878 
18 153 316 375 838 1798 1879 
19 154 317 376 839 1799 1880 
20 155 318 377 840 1800 1881 
21 156 319 378 841 1801 1882 
22 157 320 379 842 1802 1883 
23 158 321 380 843 1803 1884 
24 159 322 381 844 1804 1885 
25 160 323 382 845 1805 1886 
26 161 243 383 846 1806 1887 
27 81 244 384 847 1807 1888 
28 82 245 385 848 1808 1889 
29 83 246 386 849 1809 1890 
30 84 247 387 850 1810 1891 
31 85 248 388 851 1811 1892 
32 86 249 389 852 1812 1893 
33 87 250 390 853 1813 1894 
34 88 251 391 854 1814 1895 
35 89 252 392 855 1815 1896 
36 90 253 393 856 1816 1897 
37 91 254 394 857 1817 1898 
38 92 255 395 858 1818 1899 
39 93 256 396 859 1819 1900 
40 94 257 397 860 1820 1901 
41 95 258 398 861 1821 1902 
42 96 259 399 862 1822 1903 
43 97 260 400 863 1823 1904 
44 98 261 401 864 1824 1905 
45 99 262 402 865 1825 1906 
46 100 263 403 866 1826 1907 
47 101 264 404 867 1827 1908 
48 102 265 324 868 1828 1909 
49 103 266 325 869 1829 1910 
50 104 267 326 870 1830 1911 
51 105 268 327 871 1831 1912 
52 106 269 328 872 1832 1913 
53 107 270 329 873 1833 1914 
54 108 271 330 874 1834 1915 
55 109 272 331 875 1835 1916 
56 110 273 332 876 1836 1917 
57 111 274 333 877 1837 1918 
58 112 275 334 878 1838 1919 
59 113 276 335 879 1839 1920 
60 114 277 336 880 1840 1921 
61 115 278 337 881 1841 1922 
62 116 279 338 882 1842 1923 
63 117 280 339 883 1843 1924 
64 118 281 340 884 1844 1925 
65 119 282 341 885 1845 1926 
66 120 283 342 886 1846 1927 
67 121 284 343 887 1847 1928 
68 122 285 344 888 1848 1929 
69 123 286 345 889 1849 1930 
70 124 287 346 890 1850 1931 
71 125 288 347 810 1851 1932 
72 126 289 348 811 1852 1933 
73 127 290 349 812 1853 1934 
74 128 291 350 813 1854 1935 
75 129 292 351 814 1855 1936 
76 130 293 352 815 1856 1937 
77 131 294 353 816 1857 1938 
78 132 295 354 817 1858 1939 
79 133 296 355 818 1859 1940 
80 134 297 356 819 1860 1941 
0 135 298 357 820 1861 1942 
1 136 299 358 821 1862 1943 
24 223 384 594 699 907 973 1863 
25 224 385 595 700 908 974 1864 
26 225 386 596 701 909 975 1865 
27 226 387 597 702 910 976 1866 
28 227 388 598 703 911 977 1867 
29 228 389 599 704 912 978 1868 
30 229 390 600 705 913 979 1869 
31 230 391 601 706 914 980 1870 
32 231 392 602 707 915 981 1871 
33 232 393 603 708 916 982 1872 
34 233 394 604 709 917 983 1873 
35 234 395 605 710 918 984 1874 
36 235 396 606 711 919 985 1875 
37 236 397 607 712 920 986 1876 
38 237 398 608 713 921 987 1877 
39 238 399 609 714 922 988 1878 
40 239 400 610 715 923 989 1879 
41 240 401 611 716 924 990 1880 
42 241 402 612 717 925 991 1881 
43 242 403 613 718 926 992 1882 
44 162 404 614 719 927 993 1883 
45 163 324 615 720 928 994 1884 
46 164 325 616 721 929 995 1885 
47 165 326 617 722 930 996 1886 
48 166 327 618 723 931 997 1887 
49 167 328 619 724 932 998 1888 
50 168 329 620 725 933 999 1889 
51 169 330 621 726 934 1000 1890 
52 170 331 622 727 935 1001 1891 
53 171 332 623 728 936 1002 1892 
54 172 333 624 648 937 1003 1893 
55 173 334 625 649 938 1004 1894 
56 174 335 626 650 939 1005 1895 
57 175 336 627 651 940 1006 1896 
58 176 337 628 652 941 1007 1897 
59 177 338 629 653 942 1008 1898 
60 178 339 630 654 943 1009 1899 
61 179 340 631 655 944 1010 1900 
62 180 341 632 656 945 1011 1901 
63 181 342 633 657 946 1012 1902 
64 182 343 634 658 947 1013 1903 
65 183 344 635 659 948 1014 1904 
66 184 345 636 660 949 1015 1905 
67 185 346 637 661 950 1016 1906 
68 186 347 638 662 951 1017 1907 
69 187 348 639 663 952 1018 1908 
70 188 349 640 664 953 1019 1909 
71 189 350 641 665 954 1020 1910 
72 190 351 642 666 955 1021 1911 
73 191 352 643 667 956 1022 1912 
74 192 353 644 668 957 1023 1913 
75 193 354 645 669 958 1024 1914 
76 194 355 646 670 959 1025 1915 
77 195 356 647 671 960 1026 1916 
78 196 357 567 672 961 1027 1917 
79 197 358 568 673 962 1028 1918 
80 198 359 569 674 963 1029 1919 
0 199 360 570 675 964 1030 1920 
1 200 361 571 676 965 1031 1921 
2 201 362 572 677 966 1032 1922 
3 202 363 573 678 967 1033 1923 
4 203 364 574 679 968 1034 1924 
5 204 365 575 680 969 1035 1925 
6 205 366 576 681 970 1036 1926 
7 206 367 577 682 971 1037 1927 
8 207 368 578 683 891 1038 1928 
9 208 369 579 684 892 1039 1929 
10 209 370 580 685 893 1040 1930 
11 210 371 581 686 894 1041 1931 
12 211 372 582 687 895 1042 1932 
13 212 373 583 688 896 1043 1933 
14 213 374 584 689 897 1044 1934 
15 214 375 585 690 898 1045 1935 
16 215 376 586 691 899 1046 1936 
17 216 377 587 692 900 1047 1937 
18 217 378 588 693 901 1048 1938 
19 218 379 589 694 902 1049 1939 
20 219 380 590 695 903 1050 1940 
21 220 381 591 696 904 1051 1941 
22 221 382 592 697 905 1052 1942 
23 222 383 593 698 906 972 1943 
