98 215 809 877 1241 1248 
99 216 810 878 1242 1249 
100 217 811 879 1243 1250 
101 218 812 880 1244 1251 
102 219 813 881 1245 1252 
103 220 814 882 1246 1253 
104 221 815 883 1247 1254 
105 222 816 884 1152 1255 
106 223 817 885 1153 1256 
107 224 818 886 1154 1257 
108 225 819 887 1155 1258 
109 226 820 888 1156 1259 
110 227 821 889 1157 1260 
111 228 822 890 1158 1261 
112 229 823 891 1159 1262 
113 230 824 892 1160 1263 
114 231 825 893 1161 1264 
115 232 826 894 1162 1265 
116 233 827 895 1163 1266 
117 234 828 896 1164 1267 
118 235 829 897 1165 1268 
119 236 830 898 1166 1269 
120 237 831 899 1167 1270 
121 238 832 900 1168 1271 
122 239 833 901 1169 1272 
123 240 834 902 1170 1273 
124 241 835 903 1171 1274 
125 242 836 904 1172 1275 
126 243 837 905 1173 1276 
127 244 838 906 1174 1277 
128 245 839 907 1175 1278 
129 246 840 908 1176 1279 
130 247 841 909 1177 1280 
131 248 842 910 1178 1281 
132 249 843 911 1179 1282 
133 250 844 912 1180 1283 
134 251 845 913 1181 1284 
135 252 846 914 1182 1285 
136 253 847 915 1183 1286 
137 254 848 916 1184 1287 
138 255 849 917 1185 1288 
139 256 850 918 1186 1289 
140 257 851 919 1187 1290 
141 258 852 920 1188 1291 
142 259 853 921 1189 1292 
143 260 854 922 1190 1293 
144 261 855 923 1191 1294 
145 262 856 924 1192 1295 
146 263 857 925 1193 1296 
147 264 858 926 1194 1297 
148 265 859 927 1195 1298 
149 266 860 928 1196 1299 
150 267 861 929 1197 1300 
151 268 862 930 1198 1301 
152 269 863 931 1199 1302 
153 270 768 932 1200 1303 
154 271 769 933 1201 1304 
155 272 770 934 1202 1305 
156 273 771 935 1203 1306 
157 274 772 936 1204 1307 
158 275 773 937 1205 1308 
159 276 774 938 1206 1309 
160 277 775 939 1207 1310 
161 278 776 940 1208 1311 
162 279 777 941 1209 1312 
163 280 778 942 1210 1313 
164 281 779 943 1211 1314 
165 282 780 944 1212 1315 
166 283 781 945 1213 1316 
167 284 782 946 1214 1317 
168 285 783 947 1215 1318 
169 286 784 948 1216 1319 
170 287 785 949 1217 1320 
171 192 786 950 1218 1321 
172 193 787 951 1219 1322 
173 194 788 952 1220 1323 
174 195 789 953 1221 1324 
175 196 790 954 1222 1325 
176 197 791 955 1223 1326 
177 198 792 956 1224 1327 
178 199 793 957 1225 1328 
179 200 794 958 1226 1329 
180 201 795 959 1227 1330 
181 202 796 864 1228 1331 
182 203 797 865 1229 1332 
183 204 798 866 1230 1333 
184 205 799 867 1231 1334 
185 206 800 868 1232 1335 
186 207 801 869 1233 1336 
187 208 802 870 1234 1337 
188 209 803 871 1235 1338 
189 210 804 872 1236 1339 
190 211 805 873 1237 1340 
191 212 806 874 1238 1341 
96 213 807 875 1239 1342 
97 214 808 876 1240 1343 
165 554 593 759 1140 1248 1344 
166 555 594 760 1141 1249 1345 
167 556 595 761 1142 1250 1346 
168 557 596 762 1143 1251 1347 
169 558 597 763 1144 1252 1348 
170 559 598 764 1145 1253 1349 
171 560 599 765 1146 1254 1350 
172 561 600 766 1147 1255 1351 
173 562 601 767 1148 1256 1352 
174 563 602 672 1149 1257 1353 
175 564 603 673 1150 1258 1354 
176 565 604 674 1151 1259 1355 
177 566 605 675 1056 1260 1356 
178 567 606 676 1057 1261 1357 
179 568 607 677 1058 1262 1358 
180 569 608 678 1059 1263 1359 
181 570 609 679 1060 1264 1360 
182 571 610 680 1061 1265 1361 
183 572 611 681 1062 1266 1362 
184 573 612 682 1063 1267 1363 
185 574 613 683 1064 1268 1364 
186 575 614 684 1065 1269 1365 
187 480 615 685 1066 1270 1366 
188 481 616 686 1067 1271 1367 
189 482 617 687 1068 1272 1368 
190 483 618 688 1069 1273 1369 
191 484 619 689 1070 1274 1370 
96 485 620 690 1071 1275 1371 
97 486 621 691 1072 1276 1372 
98 487 622 692 1073 1277 1373 
99 488 623 693 1074 1278 1374 
100 489 624 694 1075 1279 1375 
101 490 625 695 1076 1280 1376 
102 491 626 696 1077 1281 1377 
103 492 627 697 1078 1282 1378 
104 493 628 698 1079 1283 1379 
105 494 629 699 1080 1284 1380 
106 495 630 700 1081 1285 1381 
107 496 631 701 1082 1286 1382 
108 497 632 702 1083 1287 1383 
109 498 633 703 1084 1288 1384 
110 499 634 704 1085 1289 1385 
111 500 635 705 1086 1290 1386 
112 501 636 706 1087 1291 1387 
113 502 637 707 1088 1292 1388 
114 503 638 708 1089 1293 1389 
115 504 639 709 1090 1294 1390 
116 505 640 710 1091 1295 1391 
117 506 641 711 1092 1296 1392 
118 507 642 712 1093 1297 1393 
119 508 643 713 1094 1298 1394 
120 509 644 714 1095 1299 1395 
121 510 645 715 1096 1300 1396 
122 511 646 716 1097 1301 1397 
123 512 647 717 1098 1302 1398 
124 513 648 718 1099 1303 1399 
125 514 649 719 1100 1304 1400 
126 515 650 720 1101 1305 1401 
127 516 651 721 1102 1306 1402 
128 517 652 722 1103 1307 1403 
129 518 653 723 1104 1308 1404 
130 519 654 724 1105 1309 1405 
131 520 655 725 1106 1310 1406 
132 521 656 726 1107 1311 1407 
133 522 657 727 1108 1312 1408 
134 523 658 728 1109 1313 1409 
135 524 659 729 1110 1314 1410 
136 525 660 730 1111 1315 1411 
137 526 661 731 1112 1316 1412 
138 527 662 732 1113 1317 1413 
139 528 663 733 1114 1318 1414 
140 529 664 734 1115 1319 1415 
141 530 665 735 1116 1320 1416 
142 531 666 736 1117 1321 1417 
143 532 667 737 1118 1322 1418 
144 533 668 738 1119 1323 1419 
145 534 669 739 1120 1324 1420 
146 535 670 740 1121 1325 1421 
147 536 671 741 1122 1326 1422 
148 537 576 742 1123 1327 1423 
149 538 577 743 1124 1328 1424 
150 539 578 744 1125 1329 1425 
151 540 579 745 1126 1330 1426 
152 541 580 746 1127 1331 1427 
153 542 581 747 1128 1332 1428 
154 543 582 748 1129 1333 1429 
155 544 583 749 1130 1334 1430 
156 545 584 750 1131 1335 1431 
157 546 585 751 1132 1336 1432 
158 547 586 752 1133 1337 1433 
159 548 587 753 1134 1338 1434 
160 549 588 754 1135 1339 1435 
161 550 589 755 1136 1340 1436 
162 551 590 756 1137 1341 1437 
163 552 591 757 1138 1342 1438 
164 553 592 758 1139 1343 1439 
360 458 495 735 1056 1344 1440 
361 459 496 736 1057 1345 1441 
362 460 497 737 1058 1346 1442 
363 461 498 738 1059 1347 1443 
364 462 499 739 1060 1348 1444 
365 463 500 740 1061 1349 1445 
366 464 501 741 1062 1350 1446 
367 465 502 742 1063 1351 1447 
368 466 503 743 1064 1352 1448 
369 467 504 744 1065 1353 1449 
370 468 505 745 1066 1354 1450 
371 469 506 746 1067 1355 1451 
372 470 507 747 1068 1356 1452 
373 471 508 748 1069 1357 1453 
374 472 509 749 1070 1358 1454 
375 473 510 750 1071 1359 1455 
376 474 511 751 1072 1360 1456 
377 475 512 752 1073 1361 1457 
378 476 513 753 1074 1362 1458 
379 477 514 754 1075 1363 1459 
380 478 515 755 1076 1364 1460 
381 479 516 756 1077 1365 1461 
382 384 517 757 1078 1366 1462 
383 385 518 758 1079 1367 1463 
288 386 519 759 1080 1368 1464 
289 387 520 760 1081 1369 1465 
290 388 521 761 1082 1370 1466 
291 389 522 762 1083 1371 1467 
292 390 523 763 1084 1372 1468 
293 391 524 764 1085 1373 1469 
294 392 525 765 1086 1374 1470 
295 393 526 766 1087 1375 1471 
296 394 527 767 1088 1376 1472 
297 395 528 672 1089 1377 1473 
298 396 529 673 1090 1378 1474 
299 397 530 674 1091 1379 1475 
300 398 531 675 1092 1380 1476 
301 399 532 676 1093 1381 1477 
302 400 533 677 1094 1382 1478 
303 401 534 678 1095 1383 1479 
304 402 535 679 1096 1384 1480 
305 403 536 680 1097 1385 1481 
306 404 537 681 1098 1386 1482 
307 405 538 682 1099 1387 1483 
308 406 539 683 1100 1388 1484 
309 407 540 684 1101 1389 1485 
310 408 541 685 1102 1390 1486 
311 409 542 686 1103 1391 1487 
312 410 543 687 1104 1392 1488 
313 411 544 688 1105 1393 1489 
314 412 545 689 1106 1394 1490 
315 413 546 690 1107 1395 1491 
316 414 547 691 1108 1396 1492 
317 415 548 692 1109 1397 1493 
318 416 549 693 1110 1398 1494 
319 417 550 694 1111 1399 1495 
320 418 551 695 1112 1400 1496 
321 419 552 696 1113 1401 1497 
322 420 553 697 1114 1402 1498 
323 421 554 698 1115 1403 1499 
324 422 555 699 1116 1404 1500 
325 423 556 700 1117 1405 1501 
326 424 557 701 1118 1406 1502 
327 425 558 702 1119 1407 1503 
328 426 559 703 1120 1408 1504 
329 427 560 704 1121 1409 1505 
330 428 561 705 1122 1410 1506 
331 429 562 706 1123 1411 1507 
332 430 563 707 1124 1412 1508 
333 431 564 708 1125 1413 1509 
334 432 565 709 1126 1414 1510 
335 433 566 710 1127 1415 1511 
336 434 567 711 1128 1416 1512 
337 435 568 712 1129 1417 1513 
338 436 569 713 1130 1418 1514 
339 437 570 714 1131 1419 1515 
340 438 571 715 1132 1420 1516 
341 439 572 716 1133 1421 1517 
342 440 573 717 1134 1422 1518 
343 441 574 718 1135 1423 1519 
344 442 575 719 1136 1424 1520 
345 443 480 720 1137 1425 1521 
346 444 481 721 1138 1426 1522 
347 445 482 722 1139 1427 1523 
348 446 483 723 1140 1428 1524 
349 447 484 724 1141 1429 1525 
350 448 485 725 1142 1430 1526 
351 449 486 726 1143 1431 1527 
352 450 487 727 1144 1432 1528 
353 451 488 728 1145 1433 1529 
354 452 489 729 1146 1434 1530 
355 453 490 730 1147 1435 1531 
356 454 491 731 1148 1436 1532 
357 455 492 732 1149 1437 1533 
358 456 493 733 1150 1438 1534 
359 457 494 734 1151 1439 1535 
35 241 799 935 1440 1536 
36 242 800 936 1441 1537 
37 243 801 937 1442 1538 
38 244 802 938 1443 1539 
39 245 803 939 1444 1540 
40 246 804 940 1445 1541 
41 247 805 941 1446 1542 
42 248 806 942 1447 1543 
43 249 807 943 1448 1544 
44 250 808 944 1449 1545 
45 251 809 945 1450 1546 
46 252 810 946 1451 1547 
47 253 811 947 1452 1548 
48 254 812 948 1453 1549 
49 255 813 949 1454 1550 
50 256 814 950 1455 1551 
51 257 815 951 1456 1552 
52 258 816 952 1457 1553 
53 259 817 953 1458 1554 
54 260 818 954 1459 1555 
55 261 819 955 1460 1556 
56 262 820 956 1461 1557 
57 263 821 957 1462 1558 
58 264 822 958 1463 1559 
59 265 823 959 1464 1560 
60 266 824 864 1465 1561 
61 267 825 865 1466 1562 
62 268 826 866 1467 1563 
63 269 827 867 1468 1564 
64 270 828 868 1469 1565 
65 271 829 869 1470 1566 
66 272 830 870 1471 1567 
67 273 831 871 1472 1568 
68 274 832 872 1473 1569 
69 275 833 873 1474 1570 
70 276 834 874 1475 1571 
71 277 835 875 1476 1572 
72 278 836 876 1477 1573 
73 279 837 877 1478 1574 
74 280 838 878 1479 1575 
75 281 839 879 1480 1576 
76 282 840 880 1481 1577 
77 283 841 881 1482 1578 
78 284 842 882 1483 1579 
79 285 843 883 1484 1580 
80 286 844 884 1485 1581 
81 287 845 885 1486 1582 
82 192 846 886 1487 1583 
83 193 847 887 1488 1584 
84 194 848 888 1489 1585 
85 195 849 889 1490 1586 
86 196 850 890 1491 1587 
87 197 851 891 1492 1588 
88 198 852 892 1493 1589 
89 199 853 893 1494 1590 
90 200 854 894 1495 1591 
91 201 855 895 1496 1592 
92 202 856 896 1497 1593 
93 203 857 897 1498 1594 
94 204 858 898 1499 1595 
95 205 859 899 1500 1596 
0 206 860 900 1501 1597 
1 207 861 901 1502 1598 
2 208 862 902 1503 1599 
3 209 863 903 1504 1600 
4 210 768 904 1505 1601 
5 211 769 905 1506 1602 
6 212 770 906 1507 1603 
7 213 771 907 1508 1604 
8 214 772 908 1509 1605 
9 215 773 909 1510 1606 
10 216 774 910 1511 1607 
11 217 775 911 1512 1608 
12 218 776 912 1513 1609 
13 219 777 913 1514 1610 
14 220 778 914 1515 1611 
15 221 779 915 1516 1612 
16 222 780 916 1517 1613 
17 223 781 917 1518 1614 
18 224 782 918 1519 1615 
19 225 783 919 1520 1616 
20 226 784 920 1521 1617 
21 227 785 921 1522 1618 
22 228 786 922 1523 1619 
23 229 787 923 1524 1620 
24 230 788 924 1525 1621 
25 231 789 925 1526 1622 
26 232 790 926 1527 1623 
27 233 791 927 1528 1624 
28 234 792 928 1529 1625 
29 235 793 929 1530 1626 
30 236 794 930 1531 1627 
31 237 795 931 1532 1628 
32 238 796 932 1533 1629 
33 239 797 933 1534 1630 
34 240 798 934 1535 1631 
249 588 919 984 1536 1632 
250 589 920 985 1537 1633 
251 590 921 986 1538 1634 
252 591 922 987 1539 1635 
253 592 923 988 1540 1636 
254 593 924 989 1541 1637 
255 594 925 990 1542 1638 
256 595 926 991 1543 1639 
257 596 927 992 1544 1640 
258 597 928 993 1545 1641 
259 598 929 994 1546 1642 
260 599 930 995 1547 1643 
261 600 931 996 1548 1644 
262 601 932 997 1549 1645 
263 602 933 998 1550 1646 
264 603 934 999 1551 1647 
265 604 935 1000 1552 1648 
266 605 936 1001 1553 1649 
267 606 937 1002 1554 1650 
268 607 938 1003 1555 1651 
269 608 939 1004 1556 1652 
270 609 940 1005 1557 1653 
271 610 941 1006 1558 1654 
272 611 942 1007 1559 1655 
273 612 943 1008 1560 1656 
274 613 944 1009 1561 1657 
275 614 945 1010 1562 1658 
276 615 946 1011 1563 1659 
277 616 947 1012 1564 1660 
278 617 948 1013 1565 1661 
279 618 949 1014 1566 1662 
280 619 950 1015 1567 1663 
281 620 951 1016 1568 1664 
282 621 952 1017 1569 1665 
283 622 953 1018 1570 1666 
284 623 954 1019 1571 1667 
285 624 955 1020 1572 1668 
286 625 956 1021 1573 1669 
287 626 957 1022 1574 1670 
192 627 958 1023 1575 1671 
193 628 959 1024 1576 1672 
194 629 864 1025 1577 1673 
195 630 865 1026 1578 1674 
196 631 866 1027 1579 1675 
197 632 867 1028 1580 1676 
198 633 868 1029 1581 1677 
199 634 869 1030 1582 1678 
200 635 870 1031 1583 1679 
201 636 871 1032 1584 1680 
202 637 872 1033 1585 1681 
203 638 873 1034 1586 1682 
204 639 874 1035 1587 1683 
205 640 875 1036 1588 1684 
206 641 876 1037 1589 1685 
207 642 877 1038 1590 1686 
208 643 878 1039 1591 1687 
209 644 879 1040 1592 1688 
210 645 880 1041 1593 1689 
211 646 881 1042 1594 1690 
212 647 882 1043 1595 1691 
213 648 883 1044 1596 1692 
214 649 884 1045 1597 1693 
215 650 885 1046 1598 1694 
216 651 886 1047 1599 1695 
217 652 887 1048 1600 1696 
218 653 888 1049 1601 1697 
219 654 889 1050 1602 1698 
220 655 890 1051 1603 1699 
221 656 891 1052 1604 1700 
222 657 892 1053 1605 1701 
223 658 893 1054 1606 1702 
224 659 894 1055 1607 1703 
225 660 895 960 1608 1704 
226 661 896 961 1609 1705 
227 662 897 962 1610 1706 
228 663 898 963 1611 1707 
229 664 899 964 1612 1708 
230 665 900 965 1613 1709 
231 666 901 966 1614 1710 
232 667 902 967 1615 1711 
233 668 903 968 1616 1712 
234 669 904 969 1617 1713 
235 670 905 970 1618 1714 
236 671 906 971 1619 1715 
237 576 907 972 1620 1716 
238 577 908 973 1621 1717 
239 578 909 974 1622 1718 
240 579 910 975 1623 1719 
241 580 911 976 1624 1720 
242 581 912 977 1625 1721 
243 582 913 978 1626 1722 
244 583 914 979 1627 1723 
245 584 915 980 1628 1724 
246 585 916 981 1629 1725 
247 586 917 982 1630 1726 
248 587 918 983 1631 1727 
434 536 686 1073 1152 1632 1728 
435 537 687 1074 1153 1633 1729 
436 538 688 1075 1154 1634 1730 
437 539 689 1076 1155 1635 1731 
438 540 690 1077 1156 1636 1732 
439 541 691 1078 1157 1637 1733 
440 542 692 1079 1158 1638 1734 
441 543 693 1080 1159 1639 1735 
442 544 694 1081 1160 1640 1736 
443 545 695 1082 1161 1641 1737 
444 546 696 1083 1162 1642 1738 
445 547 697 1084 1163 1643 1739 
446 548 698 1085 1164 1644 1740 
447 549 699 1086 1165 1645 1741 
448 550 700 1087 1166 1646 1742 
449 551 701 1088 1167 1647 1743 
450 552 702 1089 1168 1648 1744 
451 553 703 1090 1169 1649 1745 
452 554 704 1091 1170 1650 1746 
453 555 705 1092 1171 1651 1747 
454 556 706 1093 1172 1652 1748 
455 557 707 1094 1173 1653 1749 
456 558 708 1095 1174 1654 1750 
457 559 709 1096 1175 1655 1751 
458 560 710 1097 1176 1656 1752 
459 561 711 1098 1177 1657 1753 
460 562 712 1099 1178 1658 1754 
461 563 713 1100 1179 1659 1755 
462 564 714 1101 1180 1660 1756 
463 565 715 1102 1181 1661 1757 
464 566 716 1103 1182 1662 1758 
465 567 717 1104 1183 1663 1759 
466 568 718 1105 1184 1664 1760 
467 569 719 1106 1185 1665 1761 
468 570 720 1107 1186 1666 1762 
469 571 721 1108 1187 1667 1763 
470 572 722 1109 1188 1668 1764 
471 573 723 1110 1189 1669 1765 
472 574 724 1111 1190 1670 1766 
473 575 725 1112 1191 1671 1767 
474 480 726 1113 1192 1672 1768 
475 481 727 1114 1193 1673 1769 
476 482 728 1115 1194 1674 1770 
477 483 729 1116 1195 1675 1771 
478 484 730 1117 1196 1676 1772 
479 485 731 1118 1197 1677 1773 
384 486 732 1119 1198 1678 1774 
385 487 733 1120 1199 1679 1775 
386 488 734 1121 1200 1680 1776 
387 489 735 1122 1201 1681 1777 
388 490 736 1123 1202 1682 1778 
389 491 737 1124 1203 1683 1779 
390 492 738 1125 1204 1684 1780 
391 493 739 1126 1205 1685 1781 
392 494 740 1127 1206 1686 1782 
393 495 741 1128 1207 1687 1783 
394 496 742 1129 1208 1688 1784 
395 497 743 1130 1209 1689 1785 
396 498 744 1131 1210 1690 1786 
397 499 745 1132 1211 1691 1787 
398 500 746 1133 1212 1692 1788 
399 501 747 1134 1213 1693 1789 
400 502 748 1135 1214 1694 1790 
401 503 749 1136 1215 1695 1791 
402 504 750 1137 1216 1696 1792 
403 505 751 1138 1217 1697 1793 
404 506 752 1139 1218 1698 1794 
405 507 753 1140 1219 1699 1795 
406 508 754 1141 1220 1700 1796 
407 509 755 1142 1221 1701 1797 
408 510 756 1143 1222 1702 1798 
409 511 757 1144 1223 1703 1799 
410 512 758 1145 1224 1704 1800 
411 513 759 1146 1225 1705 1801 
412 514 760 1147 1226 1706 1802 
413 515 761 1148 1227 1707 1803 
414 516 762 1149 1228 1708 1804 
415 517 763 1150 1229 1709 1805 
416 518 764 1151 1230 1710 1806 
417 519 765 1056 1231 1711 1807 
418 520 766 1057 1232 1712 1808 
419 521 767 1058 1233 1713 1809 
420 522 672 1059 1234 1714 1810 
421 523 673 1060 1235 1715 1811 
422 524 674 1061 1236 1716 1812 
423 525 675 1062 1237 1717 1813 
424 526 676 1063 1238 1718 1814 
425 527 677 1064 1239 1719 1815 
426 528 678 1065 1240 1720 1816 
427 529 679 1066 1241 1721 1817 
428 530 680 1067 1242 1722 1818 
429 531 681 1068 1243 1723 1819 
430 532 682 1069 1244 1724 1820 
431 533 683 1070 1245 1725 1821 
432 534 684 1071 1246 1726 1822 
433 535 685 1072 1247 1727 1823 
193 331 946 1038 1728 1824 
194 332 947 1039 1729 1825 
195 333 948 1040 1730 1826 
196 334 949 1041 1731 1827 
197 335 950 1042 1732 1828 
198 336 951 1043 1733 1829 
199 337 952 1044 1734 1830 
200 338 953 1045 1735 1831 
201 339 954 1046 1736 1832 
202 340 955 1047 1737 1833 
203 341 956 1048 1738 1834 
204 342 957 1049 1739 1835 
205 343 958 1050 1740 1836 
206 344 959 1051 1741 1837 
207 345 864 1052 1742 1838 
208 346 865 1053 1743 1839 
209 347 866 1054 1744 1840 
210 348 867 1055 1745 1841 
211 349 868 960 1746 1842 
212 350 869 961 1747 1843 
213 351 870 962 1748 1844 
214 352 871 963 1749 1845 
215 353 872 964 1750 1846 
216 354 873 965 1751 1847 
217 355 874 966 1752 1848 
218 356 875 967 1753 1849 
219 357 876 968 1754 1850 
220 358 877 969 1755 1851 
221 359 878 970 1756 1852 
222 360 879 971 1757 1853 
223 361 880 972 1758 1854 
224 362 881 973 1759 1855 
225 363 882 974 1760 1856 
226 364 883 975 1761 1857 
227 365 884 976 1762 1858 
228 366 885 977 1763 1859 
229 367 886 978 1764 1860 
230 368 887 979 1765 1861 
231 369 888 980 1766 1862 
232 370 889 981 1767 1863 
233 371 890 982 1768 1864 
234 372 891 983 1769 1865 
235 373 892 984 1770 1866 
236 374 893 985 1771 1867 
237 375 894 986 1772 1868 
238 376 895 987 1773 1869 
239 377 896 988 1774 1870 
240 378 897 989 1775 1871 
241 379 898 990 1776 1872 
242 380 899 991 1777 1873 
243 381 900 992 1778 1874 
244 382 901 993 1779 1875 
245 383 902 994 1780 1876 
246 288 903 995 1781 1877 
247 289 904 996 1782 1878 
248 290 905 997 1783 1879 
249 291 906 998 1784 1880 
250 292 907 999 1785 1881 
251 293 908 1000 1786 1882 
252 294 909 1001 1787 1883 
253 295 910 1002 1788 1884 
254 296 911 1003 1789 1885 
255 297 912 1004 1790 1886 
256 298 913 1005 1791 1887 
257 299 914 1006 1792 1888 
258 300 915 1007 1793 1889 
259 301 916 1008 1794 1890 
260 302 917 1009 1795 1891 
261 303 918 1010 1796 1892 
262 304 919 1011 1797 1893 
263 305 920 1012 1798 1894 
264 306 921 1013 1799 1895 
265 307 922 1014 1800 1896 
266 308 923 1015 1801 1897 
267 309 924 1016 1802 1898 
268 310 925 1017 1803 1899 
269 311 926 1018 1804 1900 
270 312 927 1019 1805 1901 
271 313 928 1020 1806 1902 
272 314 929 1021 1807 1903 
273 315 930 1022 1808 1904 
274 316 931 1023 1809 1905 
275 317 932 1024 1810 1906 
276 318 933 1025 1811 1907 
277 319 934 1026 1812 1908 
278 320 935 1027 1813 1909 
279 321 936 1028 1814 1910 
280 322 937 1029 1815 1911 
281 323 938 1030 1816 1912 
282 324 939 1031 1817 1913 
283 325 940 1032 1818 1914 
284 326 941 1033 1819 1915 
285 327 942 1034 1820 1916 
286 328 943 1035 1821 1917 
287 329 944 1036 1822 1918 
192 330 945 1037 1823 1919 
181 215 670 913 1824 1920 
182 216 671 914 1825 1921 
183 217 576 915 1826 1922 
184 218 577 916 1827 1923 
185 219 578 917 1828 1924 
186 220 579 918 1829 1925 
187 221 580 919 1830 1926 
188 222 581 920 1831 1927 
189 223 582 921 1832 1928 
190 224 583 922 1833 1929 
191 225 584 923 1834 1930 
96 226 585 924 1835 1931 
97 227 586 925 1836 1932 
98 228 587 926 1837 1933 
99 229 588 927 1838 1934 
100 230 589 928 1839 1935 
101 231 590 929 1840 1936 
102 232 591 930 1841 1937 
103 233 592 931 1842 1938 
104 234 593 932 1843 1939 
105 235 594 933 1844 1940 
106 236 595 934 1845 1941 
107 237 596 935 1846 1942 
108 238 597 936 1847 1943 
109 239 598 937 1848 1944 
110 240 599 938 1849 1945 
111 241 600 939 1850 1946 
112 242 601 940 1851 1947 
113 243 602 941 1852 1948 
114 244 603 942 1853 1949 
115 245 604 943 1854 1950 
116 246 605 944 1855 1951 
117 247 606 945 1856 1952 
118 248 607 946 1857 1953 
119 249 608 947 1858 1954 
120 250 609 948 1859 1955 
121 251 610 949 1860 1956 
122 252 611 950 1861 1957 
123 253 612 951 1862 1958 
124 254 613 952 1863 1959 
125 255 614 953 1864 1960 
126 256 615 954 1865 1961 
127 257 616 955 1866 1962 
128 258 617 956 1867 1963 
129 259 618 957 1868 1964 
130 260 619 958 1869 1965 
131 261 620 959 1870 1966 
132 262 621 864 1871 1967 
133 263 622 865 1872 1968 
134 264 623 866 1873 1969 
135 265 624 867 1874 1970 
136 266 625 868 1875 1971 
137 267 626 869 1876 1972 
138 268 627 870 1877 1973 
139 269 628 871 1878 1974 
140 270 629 872 1879 1975 
141 271 630 873 1880 1976 
142 272 631 874 1881 1977 
143 273 632 875 1882 1978 
144 274 633 876 1883 1979 
145 275 634 877 1884 1980 
146 276 635 878 1885 1981 
147 277 636 879 1886 1982 
148 278 637 880 1887 1983 
149 279 638 881 1888 1984 
150 280 639 882 1889 1985 
151 281 640 883 1890 1986 
152 282 641 884 1891 1987 
153 283 642 885 1892 1988 
154 284 643 886 1893 1989 
155 285 644 887 1894 1990 
156 286 645 888 1895 1991 
157 287 646 889 1896 1992 
158 192 647 890 1897 1993 
159 193 648 891 1898 1994 
160 194 649 892 1899 1995 
161 195 650 893 1900 1996 
162 196 651 894 1901 1997 
163 197 652 895 1902 1998 
164 198 653 896 1903 1999 
165 199 654 897 1904 2000 
166 200 655 898 1905 2001 
167 201 656 899 1906 2002 
168 202 657 900 1907 2003 
169 203 658 901 1908 2004 
170 204 659 902 1909 2005 
171 205 660 903 1910 2006 
172 206 661 904 1911 2007 
173 207 662 905 1912 2008 
174 208 663 906 1913 2009 
175 209 664 907 1914 2010 
176 210 665 908 1915 2011 
177 211 666 909 1916 2012 
178 212 667 910 1917 2013 
179 213 668 911 1918 2014 
180 214 669 912 1919 2015 
84 397 552 725 1101 1920 2016 
85 398 553 726 1102 1921 2017 
86 399 554 727 1103 1922 2018 
87 400 555 728 1104 1923 2019 
88 401 556 729 1105 1924 2020 
89 402 557 730 1106 1925 2021 
90 403 558 731 1107 1926 2022 
91 404 559 732 1108 1927 2023 
92 405 560 733 1109 1928 2024 
93 406 561 734 1110 1929 2025 
94 407 562 735 1111 1930 2026 
95 408 563 736 1112 1931 2027 
0 409 564 737 1113 1932 2028 
1 410 565 738 1114 1933 2029 
2 411 566 739 1115 1934 2030 
3 412 567 740 1116 1935 2031 
4 413 568 741 1117 1936 2032 
5 414 569 742 1118 1937 2033 
6 415 570 743 1119 1938 2034 
7 416 571 744 1120 1939 2035 
8 417 572 745 1121 1940 2036 
9 418 573 746 1122 1941 2037 
10 419 574 747 1123 1942 2038 
11 420 575 748 1124 1943 2039 
12 421 480 749 1125 1944 2040 
13 422 481 750 1126 1945 2041 
14 423 482 751 1127 1946 2042 
15 424 483 752 1128 1947 2043 
16 425 484 753 1129 1948 2044 
17 426 485 754 1130 1949 2045 
18 427 486 755 1131 1950 2046 
19 428 487 756 1132 1951 2047 
20 429 488 757 1133 1952 2048 
21 430 489 758 1134 1953 2049 
22 431 490 759 1135 1954 2050 
23 432 491 760 1136 1955 2051 
24 433 492 761 1137 1956 2052 
25 434 493 762 1138 1957 2053 
26 435 494 763 1139 1958 2054 
27 436 495 764 1140 1959 2055 
28 437 496 765 1141 1960 2056 
29 438 497 766 1142 1961 2057 
30 439 498 767 1143 1962 2058 
31 440 499 672 1144 1963 2059 
32 441 500 673 1145 1964 2060 
33 442 501 674 1146 1965 2061 
34 443 502 675 1147 1966 2062 
35 444 503 676 1148 1967 2063 
36 445 504 677 1149 1968 2064 
37 446 505 678 1150 1969 2065 
38 447 506 679 1151 1970 2066 
39 448 507 680 1056 1971 2067 
40 449 508 681 1057 1972 2068 
41 450 509 682 1058 1973 2069 
42 451 510 683 1059 1974 2070 
43 452 511 684 1060 1975 2071 
44 453 512 685 1061 1976 2072 
45 454 513 686 1062 1977 2073 
46 455 514 687 1063 1978 2074 
47 456 515 688 1064 1979 2075 
48 457 516 689 1065 1980 2076 
49 458 517 690 1066 1981 2077 
50 459 518 691 1067 1982 2078 
51 460 519 692 1068 1983 2079 
52 461 520 693 1069 1984 2080 
53 462 521 694 1070 1985 2081 
54 463 522 695 1071 1986 2082 
55 464 523 696 1072 1987 2083 
56 465 524 697 1073 1988 2084 
57 466 525 698 1074 1989 2085 
58 467 526 699 1075 1990 2086 
59 468 527 700 1076 1991 2087 
60 469 528 701 1077 1992 2088 
61 470 529 702 1078 1993 2089 
62 471 530 703 1079 1994 2090 
63 472 531 704 1080 1995 2091 
64 473 532 705 1081 1996 2092 
65 474 533 706 1082 1997 2093 
66 475 534 707 1083 1998 2094 
67 476 535 708 1084 1999 2095 
68 477 536 709 1085 2000 2096 
69 478 537 710 1086 2001 2097 
70 479 538 711 1087 2002 2098 
71 384 539 712 1088 2003 2099 
72 385 540 713 1089 2004 2100 
73 386 541 714 1090 2005 2101 
74 387 542 715 1091 2006 2102 
75 388 543 716 1092 2007 2103 
76 389 544 717 1093 2008 2104 
77 390 545 718 1094 2009 2105 
78 391 546 719 1095 2010 2106 
79 392 547 720 1096 2011 2107 
80 393 548 721 1097 2012 2108 
81 394 549 722 1098 2013 2109 
82 395 550 723 1099 2014 2110 
83 396 551 724 1100 2015 2111 
482 709 986 1080 2016 2112 
483 710 987 1081 2017 2113 
484 711 988 1082 2018 2114 
485 712 989 1083 2019 2115 
486 713 990 1084 2020 2116 
487 714 991 1085 2021 2117 
488 715 992 1086 2022 2118 
489 716 993 1087 2023 2119 
490 717 994 1088 2024 2120 
491 718 995 1089 2025 2121 
492 719 996 1090 2026 2122 
493 720 997 1091 2027 2123 
494 721 998 1092 2028 2124 
495 722 999 1093 2029 2125 
496 723 1000 1094 2030 2126 
497 724 1001 1095 2031 2127 
498 725 1002 1096 2032 2128 
499 726 1003 1097 2033 2129 
500 727 1004 1098 2034 2130 
501 728 1005 1099 2035 2131 
502 729 1006 1100 2036 2132 
503 730 1007 1101 2037 2133 
504 731 1008 1102 2038 2134 
505 732 1009 1103 2039 2135 
506 733 1010 1104 2040 2136 
507 734 1011 1105 2041 2137 
508 735 1012 1106 2042 2138 
509 736 1013 1107 2043 2139 
510 737 1014 1108 2044 2140 
511 738 1015 1109 2045 2141 
512 739 1016 1110 2046 2142 
513 740 1017 1111 2047 2143 
514 741 1018 1112 2048 2144 
515 742 1019 1113 2049 2145 
516 743 1020 1114 2050 2146 
517 744 1021 1115 2051 2147 
518 745 1022 1116 2052 2148 
519 746 1023 1117 2053 2149 
520 747 1024 1118 2054 2150 
521 748 1025 1119 2055 2151 
522 749 1026 1120 2056 2152 
523 750 1027 1121 2057 2153 
524 751 1028 1122 2058 2154 
525 752 1029 1123 2059 2155 
526 753 1030 1124 2060 2156 
527 754 1031 1125 2061 2157 
528 755 1032 1126 2062 2158 
529 756 1033 1127 2063 2159 
530 757 1034 1128 2064 2160 
531 758 1035 1129 2065 2161 
532 759 1036 1130 2066 2162 
533 760 1037 1131 2067 2163 
534 761 1038 1132 2068 2164 
535 762 1039 1133 2069 2165 
536 763 1040 1134 2070 2166 
537 764 1041 1135 2071 2167 
538 765 1042 1136 2072 2168 
539 766 1043 1137 2073 2169 
540 767 1044 1138 2074 2170 
541 672 1045 1139 2075 2171 
542 673 1046 1140 2076 2172 
543 674 1047 1141 2077 2173 
544 675 1048 1142 2078 2174 
545 676 1049 1143 2079 2175 
546 677 1050 1144 2080 2176 
547 678 1051 1145 2081 2177 
548 679 1052 1146 2082 2178 
549 680 1053 1147 2083 2179 
550 681 1054 1148 2084 2180 
551 682 1055 1149 2085 2181 
552 683 960 1150 2086 2182 
553 684 961 1151 2087 2183 
554 685 962 1056 2088 2184 
555 686 963 1057 2089 2185 
556 687 964 1058 2090 2186 
557 688 965 1059 2091 2187 
558 689 966 1060 2092 2188 
559 690 967 1061 2093 2189 
560 691 968 1062 2094 2190 
561 692 969 1063 2095 2191 
562 693 970 1064 2096 2192 
563 694 971 1065 2097 2193 
564 695 972 1066 2098 2194 
565 696 973 1067 2099 2195 
566 697 974 1068 2100 2196 
567 698 975 1069 2101 2197 
568 699 976 1070 2102 2198 
569 700 977 1071 2103 2199 
570 701 978 1072 2104 2200 
571 702 979 1073 2105 2201 
572 703 980 1074 2106 2202 
573 704 981 1075 2107 2203 
574 705 982 1076 2108 2204 
575 706 983 1077 2109 2205 
480 707 984 1078 2110 2206 
481 708 985 1079 2111 2207 
281 319 825 911 2112 2208 
282 320 826 912 2113 2209 
283 321 827 913 2114 2210 
284 322 828 914 2115 2211 
285 323 829 915 2116 2212 
286 324 830 916 2117 2213 
287 325 831 917 2118 2214 
192 326 832 918 2119 2215 
193 327 833 919 2120 2216 
194 328 834 920 2121 2217 
195 329 835 921 2122 2218 
196 330 836 922 2123 2219 
197 331 837 923 2124 2220 
198 332 838 924 2125 2221 
199 333 839 925 2126 2222 
200 334 840 926 2127 2223 
201 335 841 927 2128 2224 
202 336 842 928 2129 2225 
203 337 843 929 2130 2226 
204 338 844 930 2131 2227 
205 339 845 931 2132 2228 
206 340 846 932 2133 2229 
207 341 847 933 2134 2230 
208 342 848 934 2135 2231 
209 343 849 935 2136 2232 
210 344 850 936 2137 2233 
211 345 851 937 2138 2234 
212 346 852 938 2139 2235 
213 347 853 939 2140 2236 
214 348 854 940 2141 2237 
215 349 855 941 2142 2238 
216 350 856 942 2143 2239 
217 351 857 943 2144 2240 
218 352 858 944 2145 2241 
219 353 859 945 2146 2242 
220 354 860 946 2147 2243 
221 355 861 947 2148 2244 
222 356 862 948 2149 2245 
223 357 863 949 2150 2246 
224 358 768 950 2151 2247 
225 359 769 951 2152 2248 
226 360 770 952 2153 2249 
227 361 771 953 2154 2250 
228 362 772 954 2155 2251 
229 363 773 955 2156 2252 
230 364 774 956 2157 2253 
231 365 775 957 2158 2254 
232 366 776 958 2159 2255 
233 367 777 959 2160 2256 
234 368 778 864 2161 2257 
235 369 779 865 2162 2258 
236 370 780 866 2163 2259 
237 371 781 867 2164 2260 
238 372 782 868 2165 2261 
239 373 783 869 2166 2262 
240 374 784 870 2167 2263 
241 375 785 871 2168 2264 
242 376 786 872 2169 2265 
243 377 787 873 2170 2266 
244 378 788 874 2171 2267 
245 379 789 875 2172 2268 
246 380 790 876 2173 2269 
247 381 791 877 2174 2270 
248 382 792 878 2175 2271 
249 383 793 879 2176 2272 
250 288 794 880 2177 2273 
251 289 795 881 2178 2274 
252 290 796 882 2179 2275 
253 291 797 883 2180 2276 
254 292 798 884 2181 2277 
255 293 799 885 2182 2278 
256 294 800 886 2183 2279 
257 295 801 887 2184 2280 
258 296 802 888 2185 2281 
259 297 803 889 2186 2282 
260 298 804 890 2187 2283 
261 299 805 891 2188 2284 
262 300 806 892 2189 2285 
263 301 807 893 2190 2286 
264 302 808 894 2191 2287 
265 303 809 895 2192 2288 
266 304 810 896 2193 2289 
267 305 811 897 2194 2290 
268 306 812 898 2195 2291 
269 307 813 899 2196 2292 
270 308 814 900 2197 2293 
271 309 815 901 2198 2294 
272 310 816 902 2199 2295 
273 311 817 903 2200 2296 
274 312 818 904 2201 2297 
275 313 819 905 2202 2298 
276 314 820 906 2203 2299 
277 315 821 907 2204 2300 
278 316 822 908 2205 2301 
279 317 823 909 2206 2302 
280 318 824 910 2207 2303 
53 510 727 1126 1241 2208 
54 511 728 1127 1242 2209 
55 512 729 1128 1243 2210 
56 513 730 1129 1244 2211 
57 514 731 1130 1245 2212 
58 515 732 1131 1246 2213 
59 516 733 1132 1247 2214 
60 517 734 1133 1152 2215 
61 518 735 1134 1153 2216 
62 519 736 1135 1154 2217 
63 520 737 1136 1155 2218 
64 521 738 1137 1156 2219 
65 522 739 1138 1157 2220 
66 523 740 1139 1158 2221 
67 524 741 1140 1159 2222 
68 525 742 1141 1160 2223 
69 526 743 1142 1161 2224 
70 527 744 1143 1162 2225 
71 528 745 1144 1163 2226 
72 529 746 1145 1164 2227 
73 530 747 1146 1165 2228 
74 531 748 1147 1166 2229 
75 532 749 1148 1167 2230 
76 533 750 1149 1168 2231 
77 534 751 1150 1169 2232 
78 535 752 1151 1170 2233 
79 536 753 1056 1171 2234 
80 537 754 1057 1172 2235 
81 538 755 1058 1173 2236 
82 539 756 1059 1174 2237 
83 540 757 1060 1175 2238 
84 541 758 1061 1176 2239 
85 542 759 1062 1177 2240 
86 543 760 1063 1178 2241 
87 544 761 1064 1179 2242 
88 545 762 1065 1180 2243 
89 546 763 1066 1181 2244 
90 547 764 1067 1182 2245 
91 548 765 1068 1183 2246 
92 549 766 1069 1184 2247 
93 550 767 1070 1185 2248 
94 551 672 1071 1186 2249 
95 552 673 1072 1187 2250 
0 553 674 1073 1188 2251 
1 554 675 1074 1189 2252 
2 555 676 1075 1190 2253 
3 556 677 1076 1191 2254 
4 557 678 1077 1192 2255 
5 558 679 1078 1193 2256 
6 559 680 1079 1194 2257 
7 560 681 1080 1195 2258 
8 561 682 1081 1196 2259 
9 562 683 1082 1197 2260 
10 563 684 1083 1198 2261 
11 564 685 1084 1199 2262 
12 565 686 1085 1200 2263 
13 566 687 1086 1201 2264 
14 567 688 1087 1202 2265 
15 568 689 1088 1203 2266 
16 569 690 1089 1204 2267 
17 570 691 1090 1205 2268 
18 571 692 1091 1206 2269 
19 572 693 1092 1207 2270 
20 573 694 1093 1208 2271 
21 574 695 1094 1209 2272 
22 575 696 1095 1210 2273 
23 480 697 1096 1211 2274 
24 481 698 1097 1212 2275 
25 482 699 1098 1213 2276 
26 483 700 1099 1214 2277 
27 484 701 1100 1215 2278 
28 485 702 1101 1216 2279 
29 486 703 1102 1217 2280 
30 487 704 1103 1218 2281 
31 488 705 1104 1219 2282 
32 489 706 1105 1220 2283 
33 490 707 1106 1221 2284 
34 491 708 1107 1222 2285 
35 492 709 1108 1223 2286 
36 493 710 1109 1224 2287 
37 494 711 1110 1225 2288 
38 495 712 1111 1226 2289 
39 496 713 1112 1227 2290 
40 497 714 1113 1228 2291 
41 498 715 1114 1229 2292 
42 499 716 1115 1230 2293 
43 500 717 1116 1231 2294 
44 501 718 1117 1232 2295 
45 502 719 1118 1233 2296 
46 503 720 1119 1234 2297 
47 504 721 1120 1235 2298 
48 505 722 1121 1236 2299 
49 506 723 1122 1237 2300 
50 507 724 1123 1238 2301 
51 508 725 1124 1239 2302 
52 509 726 1125 1240 2303 
