460 602 719 769 868 877 999 1069 2123 2466 2558 2625 2666 3047 3443 3626 3864 
401 431 501 956 1271 1601 1998 2202 2387 2422 2454 2632 2955 3130 3454 3641 3872 
354 356 387 715 1369 1438 1761 1815 1925 2091 2421 2502 2899 3225 3359 3396 4015 
25 574 744 928 1090 1341 1422 1515 2132 2232 2525 2531 2724 3033 3430 3612 3748 
130 198 460 573 796 830 1190 1730 2068 2084 2334 2420 2556 2738 3730 3850 3907 
279 481 948 1244 1461 1712 1731 1921 2404 2809 2965 3034 3110 3123 3382 3903 4092 
130 409 651 705 850 1174 1261 1337 1686 1997 2528 2578 2582 2636 3671 3974 4030 
41 237 869 1296 1496 1595 1677 2095 2359 2637 2695 2715 2752 3246 3648 3839 3944 
476 537 774 1127 1204 1467 2126 2176 2334 2409 2731 2756 2873 3044 3892 3916 4093 
155 212 1002 1239 1322 2225 2557 2604 2656 2695 2965 3091 3300 3336 3450 3866 3905 
109 392 673 804 877 912 1356 1561 1630 2002 2056 2155 2661 3098 3496 3939 3949 
215 328 490 654 975 1378 1528 2006 2246 2361 2499 2500 3006 3029 3431 3582 4010 
0 34 185 485 1197 1334 1608 1972 2040 2225 2277 2430 2549 2974 3696 3879 4074 
191 273 286 600 1059 1333 1360 1373 1933 2008 2527 2944 3166 3214 3755 3756 4054 
70 164 381 735 814 842 899 1146 2315 2589 2706 3066 3196 3209 3383 3575 3670 
193 905 1049 1308 1421 1554 1873 1926 2044 2319 2612 2898 3134 3201 3515 3732 3741 
31 96 177 836 852 1098 1236 1470 1480 1597 2419 2588 3242 3301 3523 3716 4061 
24 226 229 492 687 823 850 1057 1249 1317 1747 2533 2566 2718 3419 3761 3894 
1 3 93 101 709 1412 1451 1554 1587 1811 2228 2288 2825 3065 3595 3658 3765 
272 434 783 1178 1278 1976 1999 2273 2551 2728 2808 2978 3058 3316 3687 4010 4019 
94 193 214 467 515 560 607 1605 2053 2058 2685 2786 3051 3148 3669 3768 3850 
823 1349 1368 1484 1577 1657 1733 1832 1957 2102 2441 3063 3244 3263 3464 3629 3772 
106 365 404 845 974 1066 1218 2047 2196 2444 2465 3118 3151 3347 3405 3617 3974 
595 639 687 785 873 1145 1209 1335 1770 2397 2552 2824 2937 3303 3912 3940 4059 
2 360 697 1240 1604 1642 1681 1900 2057 2270 2439 2672 2786 3229 3381 3529 3561 
201 568 855 993 1065 1353 1482 1508 1549 2084 2107 2206 2883 3083 3774 4065 4077 
127 634 1112 1297 1836 1896 2100 2295 2380 2710 2903 3005 3243 3355 3528 3812 3830 
22 56 251 417 470 919 1015 1091 1284 1290 1427 2654 3250 3318 3963 3990 4013 
87 120 267 367 422 988 1125 1259 1519 1857 2967 2992 3104 3240 3391 3547 3899 
43 89 131 343 809 861 1114 1686 1849 1974 2404 2426 2889 3271 3484 3508 3793 
77 244 732 761 1261 1319 2162 2473 2597 2606 2783 2991 3076 3292 3639 3816 3972 
62 113 367 513 1398 1649 1817 1958 1976 2095 2187 2211 2298 2365 3403 3417 3786 
407 958 1033 1095 1140 1612 1866 1868 2179 2345 2402 2414 2703 2898 3567 4002 4088 
289 806 1220 1317 1410 1420 1893 2757 2845 2938 2971 3066 3200 3323 3584 3653 3932 
73 185 221 231 420 554 578 833 1159 1494 1578 2229 2441 3281 3862 4043 4071 
52 219 329 406 660 768 1185 1855 2339 2658 2772 2801 3102 3112 3376 3665 3789 
16 27 334 506 820 835 1231 1785 1957 2152 2225 2692 2972 3308 3536 3569 4082 
53 142 453 455 538 596 790 792 1494 1781 1816 1960 2181 2220 3507 3695 3889 
11 171 765 1508 1661 2081 2102 2156 2249 2285 2642 2697 2720 2763 3651 3876 3951 
412 580 784 1202 1225 1267 1443 1785 2224 2236 2600 2639 2836 3229 3393 3702 3721 
92 484 583 599 802 805 908 1136 1289 1714 2055 2322 2776 3155 3531 3532 4009 
438 617 790 817 918 1127 1243 1406 1843 1933 1993 2425 2472 2892 3658 4039 4045 
28 80 145 654 970 1138 1286 1330 1511 1942 1947 2824 2894 3221 3823 3978 4064 
93 399 441 649 787 1073 1261 1305 1413 1905 1991 2381 2416 3259 3674 4048 4052 
120 168 186 188 352 540 905 1439 1448 2049 2112 2682 3058 3333 3646 3698 4071 
185 362 601 666 713 1265 1465 1606 1894 2600 2640 2962 3132 3230 3586 3928 4025 
111 165 569 760 831 1048 1075 1398 2243 2565 2897 2932 2983 3014 3395 3415 3784 
495 569 741 1190 1239 1504 1611 1703 2197 2412 2487 2559 2670 2900 3682 3989 4090 
12 307 453 679 836 1399 1812 2007 2371 2476 2599 2912 2947 2966 3471 3515 4009 
17 142 230 249 348 393 447 981 1264 1375 1653 2300 2539 3052 3727 3792 3803 
190 320 764 807 855 862 948 1622 1838 2058 2393 2764 3040 3203 3525 3693 3711 
527 674 1232 1331 1909 2138 2280 2391 2493 2522 2584 2780 2841 3170 3399 3580 3612 
309 860 1116 1367 1790 1906 1940 2152 2448 2488 2790 3295 3311 3346 3587 3876 3973 
263 503 586 1107 1444 1484 1528 1623 1994 2142 2292 2314 3115 3319 3392 4007 4018 
68 257 335 457 461 1594 1815 2178 2361 2382 2446 2631 2939 3224 3789 3805 3929 
116 175 182 283 898 1026 1248 1255 1306 1559 2161 2995 3030 3230 3388 3883 3888 
430 496 538 847 1137 1199 1316 1337 1636 1691 2108 2124 2270 2364 3378 3686 4079 
63 79 400 419 803 916 961 1315 1834 2272 2422 2982 2985 3069 3954 4030 4086 
44 157 308 594 597 1296 1536 1750 1940 1990 2294 2354 2970 3205 3497 4057 4083 
639 659 830 1328 1585 1737 2140 2254 2366 2519 2709 3183 3202 3301 3421 3600 3697 
36 73 1377 1383 1664 1855 1922 2311 2807 3007 3041 3127 3212 3272 3479 3555 3788 
585 631 786 1486 1858 1992 2028 2283 2669 2698 2734 2996 3169 3339 3555 3927 3955 
144 443 663 1151 1257 1481 1505 1528 2185 2250 2253 2972 3159 3343 3363 3482 3511 
310 650 809 888 1175 1326 1927 1948 2214 2835 3058 3084 3199 3305 3412 3644 4069 
46 221 655 675 774 806 1222 1456 1530 1962 2096 2210 2369 3291 3460 3877 3966 
71 468 604 608 811 821 826 1394 1527 1653 1954 2007 2252 2906 3533 3788 3923 
38 327 959 1228 1536 1569 1716 2194 2265 2341 2846 2997 3072 3161 3485 3533 3674 
221 366 572 745 1126 1284 1501 1615 1704 1845 1863 1923 2471 3220 3436 3772 3907 
428 449 499 914 945 987 1433 1755 2086 2654 2865 3087 3216 3258 3600 3814 3921 
15 285 865 1281 1587 1908 2159 2305 2422 2494 2495 2573 2781 2872 3547 3822 3893 
134 192 268 652 904 1016 1113 1209 1571 1693 2818 2881 3093 3129 3373 3643 3933 
192 519 521 855 1148 1293 1384 1674 1920 2228 2455 2508 2557 2586 3568 4075 4078 
23 50 85 102 242 953 1228 1405 2213 2344 2428 2444 3011 3267 3623 3821 4067 
20 50 666 1230 1527 1773 2014 2071 2184 2481 2688 3212 3276 3293 3399 3594 3843 
112 377 677 1185 1744 1880 2036 2052 2699 2819 2845 2939 2940 3088 3901 3979 3984 
49 217 464 551 570 731 940 1495 1689 1783 2141 2325 2651 3219 3544 3722 3754 
567 1173 1368 1462 1910 2247 2248 2258 2304 2740 2760 2947 3274 3306 3557 3731 4084 
56 292 295 462 482 1145 1280 2090 2608 2615 2632 2720 3104 3224 3370 3447 3517 
190 220 258 450 695 812 1154 1295 1626 1665 1747 1968 2715 3270 3522 3558 3970 
208 298 395 485 504 1241 1432 2135 2176 2470 3034 3043 3083 3301 3372 3897 3990 
188 196 430 493 587 674 1287 1574 2045 2278 2387 2457 3284 3328 3375 3747 4064 
151 463 1064 1240 1389 1414 1450 1520 1523 1678 1825 2059 2106 2741 3376 3823 4040 
828 1183 1375 1570 1929 1981 2002 2415 2893 2990 3125 3178 3186 3333 3495 3867 4091 
361 406 467 683 730 1179 1302 1449 2092 2113 2205 2945 3263 3307 3377 3563 3624 
146 267 295 585 927 1360 1366 1412 1878 1975 2131 2405 2695 2976 3631 3641 3734 
105 135 249 332 589 601 697 1432 1883 1926 2145 2280 2787 2965 3499 3588 3853 
230 708 920 1038 1293 1589 1970 2297 2509 2963 3145 3176 3265 3312 3367 3981 4005 
95 119 802 1212 1404 1408 1779 1943 2534 2632 2668 2847 2954 3277 3564 3742 3883 
9 334 1164 1466 1545 1581 2019 2114 2450 2754 2839 2851 3206 3326 3739 3915 3948 
241 757 827 1087 1266 1576 1881 2332 2516 2524 2542 2747 2850 3107 3774 3972 4074 
96 217 305 397 796 887 1079 1128 2102 2259 2261 2694 3031 3311 3375 3676 3799 
146 357 455 734 1087 1395 1457 1526 1879 2384 2915 3042 3112 3136 3362 3409 3599 
615 637 721 840 1831 2011 2305 2336 2346 2378 2388 2406 2546 3175 3716 3817 4048 
117 254 484 765 1088 1307 1324 1394 1656 1778 2194 2890 2924 3080 3863 4000 4062 
141 214 290 561 898 1131 1571 2032 2147 2536 2610 2708 3183 3349 3459 3473 3536 
600 688 964 1052 1080 1085 1118 1601 1907 2207 2373 2597 2610 2900 3608 3691 3799 
19 556 570 1019 1040 1236 1411 1547 1759 2542 2921 3108 3114 3127 3561 3663 4036 
7 313 322 329 763 1774 1982 2003 2115 2244 2665 2834 2899 2914 3538 3718 3746 
302 327 530 773 858 888 1120 1300 1471 1527 1890 2206 2822 2892 3393 3787 3913 
53 57 505 673 707 909 990 1676 1752 2108 2279 2477 2859 3247 3516 3924 4028 
248 1060 1068 1207 1260 1665 1715 1733 2041 2100 2284 2595 3192 3231 3539 3788 4026 
458 620 859 1017 1102 1114 1669 1798 2080 2486 2620 3038 3062 3069 3413 3628 3909 
313 409 525 668 742 764 1565 1567 1884 2461 2549 2626 3220 3299 3375 3771 3897 
870 931 955 1100 1728 2348 2561 2587 2959 2967 3008 3262 3332 3357 3751 3848 3908 
7 92 742 873 897 944 1014 1229 1696 2280 2363 3003 3017 3103 3504 3597 3783 
8 344 377 456 493 721 1083 1174 1320 1560 2219 2332 3245 3351 3618 3810 3822 
1019 1144 1322 1846 1885 2043 2217 2399 2769 2816 2905 2938 3256 3329 3424 3552 3786 
71 544 991 1413 1475 1566 1700 1863 2148 2203 2278 2869 3043 3193 3474 3506 3806 
837 976 1162 1372 1644 1738 1919 2171 2509 2655 2667 2816 2897 3219 3561 3827 3841 
156 179 253 301 846 1034 1074 1453 2139 2206 2475 2601 2675 3213 3506 3683 3748 
63 283 335 352 683 1301 1627 1936 2148 2191 2882 2890 3348 3353 3402 3562 3828 
260 1243 1268 1417 1485 1784 1930 1964 2023 2207 2318 2465 2753 3074 3491 3740 3920 
99 123 231 479 557 1064 1151 1285 1305 1417 1847 1952 2730 2910 3591 3661 3702 
67 172 736 924 1013 1047 1415 1822 1943 2094 2253 2259 2311 3247 3392 3559 3663 
511 559 834 1335 1572 1584 1651 1684 1750 2118 2167 2984 2999 3197 3508 3634 3875 
451 548 681 1386 1551 1771 1853 1948 2573 2635 2846 2970 3139 3190 3433 3501 4090 
35 89 243 360 413 768 1441 1460 1939 2285 3059 3217 3249 3338 3358 3765 3796 
279 392 915 1715 1797 1849 1898 1996 2468 2582 2960 3026 3046 3339 3449 3488 3655 
271 332 487 926 952 1170 1632 1791 1977 2214 2553 2736 3142 3232 3519 3643 3831 
93 609 694 894 911 983 1070 1573 1690 1937 2147 2157 2437 2644 3369 3535 3681 
39 250 682 770 871 1209 1306 1507 1743 2274 2459 2675 2691 2809 3855 3924 3927 
75 114 124 826 893 1272 1876 1888 2059 2334 2454 2732 3060 3169 3592 3649 4038 
81 99 815 858 932 954 1345 1513 1758 2060 2190 2276 2548 2984 3506 3750 3849 
415 449 497 982 1673 1706 2230 2640 2880 2901 2998 3059 3119 3286 3478 3808 3947 
12 246 388 395 403 413 506 749 1040 1325 1397 2054 2298 3006 3770 3975 3988 
141 503 636 701 1029 1224 1407 1869 2060 2198 2201 2710 2780 2979 3708 3825 4068 
182 317 444 573 608 1294 1830 1833 1856 2337 2491 2849 3082 3138 3467 3871 4027 
304 651 727 736 771 851 921 1642 1657 1763 2125 2303 2322 3223 3470 3571 3609 
101 149 297 362 452 679 777 939 951 1129 1507 2024 2177 2445 3537 3874 4085 
123 537 720 875 1302 1475 1741 1754 2074 2181 2875 3113 3122 3225 3569 3816 4063 
88 478 714 1020 1051 1389 1561 1591 1799 2069 2268 2301 2848 3014 3668 3802 3855 
421 435 459 941 1005 1068 1179 1639 1923 1925 2265 2745 3242 3341 3595 3648 3800 
183 278 451 1196 1237 1262 1268 1461 1675 1975 2638 2932 2933 3226 3389 3451 3556 
104 217 353 647 760 1043 1542 1829 2040 2226 2388 2655 2808 2930 3387 3408 3898 
1608 1809 2049 2115 2154 2180 2223 2318 2449 2572 2758 2766 2791 3215 3665 3697 3802 
394 486 719 1077 1085 1448 1700 1793 1891 1968 2034 2614 2903 3024 3416 3713 3808 
31 143 303 793 1219 2021 2526 2553 2793 2818 2896 2936 3000 3206 3654 3829 3922 
187 417 1542 1582 1615 1658 1696 1797 2006 2344 2508 2594 2832 2869 3778 3965 4028 
29 452 596 1465 1533 1632 1915 1966 2051 2405 2753 2839 3095 3159 3890 3916 4079 
26 418 623 630 743 939 1216 1430 1599 1731 2504 2660 2773 3340 3720 3971 4040 
133 524 811 1333 1445 1595 1750 2038 2291 2525 2541 2617 2908 2975 3404 3715 3900 
493 1024 1241 1376 1447 1773 2073 2451 2792 2926 2980 3046 3113 3282 3458 3765 4032 
136 465 581 624 657 1212 1543 1802 2296 2532 2711 2856 3137 3194 3496 3565 3736 
203 210 245 433 645 918 926 1583 1702 2103 2399 2506 2937 3302 3887 3942 4033 
213 872 982 1290 1381 1416 1699 1971 2092 2605 2994 3179 3209 3223 3422 3792 3999 
395 517 658 986 1630 1694 1807 1894 2282 2468 2506 2626 2733 2735 3817 3821 3823 
91 562 854 873 892 1383 1831 1924 2030 2130 2384 2517 2634 2933 3358 3628 3652 
78 193 250 436 558 1352 1461 1806 1988 2137 2204 2678 2799 2909 3386 3440 4001 
194 576 1374 1541 1575 1603 1847 1884 1926 2368 2554 2647 2650 2766 3402 3532 3601 
282 371 426 734 1194 1245 1247 1279 1393 1562 2045 2372 3135 3149 3548 3760 4088 
146 386 396 643 1314 1421 1738 1912 2445 2940 3017 3067 3167 3213 3776 3824 3941 
30 38 358 399 686 732 1016 1379 1512 1755 2424 2923 3101 3137 3451 3868 3894 
550 675 1067 1745 1776 1792 2236 2237 2338 2393 2602 2609 2976 3032 3370 3593 3753 
196 199 218 337 393 683 870 916 1167 1271 1370 2585 2901 2991 3371 3857 3879 
321 356 689 1026 1234 1307 1338 1580 1827 1895 2308 2652 2655 3284 3389 3677 3948 
255 373 477 1051 1300 1394 1887 1984 2004 2142 2802 2852 2919 2951 3565 3607 4071 
563 659 1199 1448 1514 1586 1596 1631 1672 1963 2317 2379 2485 3171 3548 3582 3676 
304 391 398 593 644 810 1740 2116 2310 2671 3149 3309 3341 3346 3467 3491 3854 
158 525 958 1272 1308 1928 2071 2100 2244 2315 2597 2616 3038 3044 3377 3942 3987 
31 124 654 804 956 1499 1558 1747 1840 1880 2213 2397 2822 2943 3598 3923 3971 
167 350 414 582 846 884 1065 1477 1668 1739 1903 2360 2884 2913 3730 3885 3961 
199 316 354 722 991 1079 1215 2050 2288 2468 2570 2794 2987 3162 3368 3382 3781 
139 175 864 1088 1426 1764 1814 2204 2505 2843 2867 2953 2983 3071 3596 3706 3998 
291 431 624 932 1227 1623 1896 1942 1977 2316 2370 2401 2769 2874 3530 3647 3807 
237 352 381 382 650 681 693 1115 1291 1325 1605 2338 2345 3118 3391 3624 4033 
488 823 838 886 1195 1213 1488 1579 1615 1901 2299 3089 3196 3332 3493 3550 3993 
285 365 820 1134 1187 1886 2085 2329 2338 2448 2457 2843 2911 3117 3700 3764 3938 
62 604 644 682 688 712 1310 1584 2221 2364 2683 2791 2961 3150 3531 3564 3846 
336 431 523 671 754 777 840 849 1764 2267 2588 3179 3226 3282 3392 3747 3987 
92 173 230 480 491 1108 1134 1265 1736 1814 2328 2412 2690 3260 3428 3845 3851 
84 184 299 867 893 942 1163 1498 1780 2127 2325 2849 3121 3211 3557 3668 3790 
52 476 492 605 796 985 1113 1200 2119 2198 2682 2840 2989 3047 3446 3495 3575 
497 1037 1342 1485 1502 1671 1941 2001 2075 2082 2758 2782 2789 3015 3724 3932 4032 
58 921 1223 1965 2128 2385 2661 2851 2873 2908 3008 3180 3249 3266 3678 3852 3945 
380 465 776 863 1082 1363 1617 1854 2110 2155 2322 2430 2811 3033 3735 3758 3915 
97 1046 1175 1419 1653 1769 1903 1915 1934 2421 2437 2577 2927 3357 3458 3904 3962 
115 254 962 1353 1480 1509 1655 2068 2576 2668 2768 2777 3111 3267 3835 3950 4070 
33 376 439 752 1309 1363 1537 1779 1901 2133 2742 3029 3073 3131 3398 3960 4082 
107 315 385 478 707 1295 1606 1705 1797 1807 2390 2537 2975 3204 3539 3833 4014 
13 210 236 551 1138 1386 1401 1730 2290 2400 2417 2482 3062 3281 3372 3417 3910 
13 24 274 363 701 882 1187 1817 2093 2157 2231 2375 2793 3288 3885 3963 4062 
6 89 280 345 677 946 1574 1778 2199 2234 2853 2970 2981 3170 3459 3749 3987 
61 650 726 792 803 804 1143 1187 1271 1529 1751 1946 2750 3228 3625 3992 4067 
302 640 829 954 1162 1188 1497 1713 1874 1945 2151 2251 2383 2807 3615 3844 4020 
507 818 883 1393 1717 1748 1773 2484 2511 2819 2918 2941 3019 3079 3427 3616 3829 
691 844 909 1440 1518 1523 1565 1805 2161 2431 2942 3014 3141 3285 3585 3815 3976 
44 522 676 735 756 788 1020 1736 1983 2029 2186 2277 2426 2941 3553 3729 4066 
249 276 411 566 1022 1250 1706 2040 2183 2247 2620 2745 2753 3160 3671 3700 4033 
275 463 564 692 1292 1513 1681 1811 2067 2273 2327 2975 3080 3193 3511 3614 4013 
366 404 716 773 960 1370 1520 1836 1918 2039 2095 2497 3050 3213 3832 3887 3958 
96 180 308 506 1201 1490 1563 1762 1791 1908 1999 2048 2195 3133 3387 3622 4043 
591 605 640 656 770 848 965 1018 1823 1979 2633 2734 3146 3289 3664 3887 3900 
504 527 981 1281 1452 1662 1782 1874 2250 2440 2685 2894 3040 3109 3762 3806 3977 
198 589 757 797 973 1344 1664 1859 2238 2347 2607 2819 2930 3053 3535 3618 3913 
207 437 1007 1125 1416 1982 2107 2155 2436 2540 2891 3218 3288 3293 3558 3751 3797 
314 353 446 1055 1149 1246 1257 1906 2510 2518 2651 2749 3218 3259 3760 3806 3908 
158 328 371 420 505 656 1238 1267 1470 1479 2266 2352 2707 3279 3391 3906 4024 
65 385 746 1008 1583 1692 1961 2006 2151 2411 2475 2759 3045 3089 3368 3642 3690 
87 411 653 845 1410 1439 1564 1690 2266 2370 2841 2895 2931 3297 3775 3784 3786 
168 192 282 306 350 1000 1484 1545 1713 2009 2439 2685 2782 2987 3690 3810 3939 
546 836 976 980 993 1625 1748 1825 2076 2363 2394 2501 2929 3031 3360 3381 3699 
69 1218 1472 1811 1831 2120 2420 2550 2688 2967 3021 3130 3163 3351 3436 3474 3608 
149 416 1080 1573 2011 2174 2436 2514 2772 2821 2847 3019 3054 3214 3583 3737 3749 
45 224 290 317 329 694 1229 1718 2072 2140 2175 2621 2956 3134 3888 4012 4075 
287 536 545 738 951 1030 1474 2263 2433 2453 2523 2820 3044 3347 3465 3723 3759 
206 242 445 559 581 685 807 1357 1470 1555 1607 2394 2678 3303 3573 3633 3998 
247 378 714 1021 1529 1703 1707 1765 1936 2352 2479 2483 2536 3091 3568 3945 4041 
350 999 1073 1252 1462 1540 1904 2287 2321 2326 2538 2772 2773 2774 3359 3855 3989 
74 195 370 1024 1138 1677 2224 2428 2430 2658 2943 3048 3174 3353 3852 3967 4002 
100 1064 1226 1235 1435 1589 1791 1862 2369 2520 2604 2611 2789 3114 3427 3498 3573 
144 611 630 917 961 1281 1329 1339 1659 1742 1775 2064 2815 3092 3663 3738 3835 
132 379 749 824 996 1129 1210 1224 1294 1331 1491 1804 1894 2433 3722 3901 3947 
435 530 668 713 747 1670 1812 2053 2134 2711 2719 2795 2949 3229 3368 3636 4045 
56 445 978 1035 1247 1298 1975 2152 2222 2415 2763 2809 2861 3217 3617 3719 3780 
90 243 941 995 1010 1225 1233 1457 1819 2596 2821 3097 3155 3178 3709 4015 4043 
118 603 1525 1654 1760 1803 1910 1995 2153 2583 2590 2709 2718 3308 3453 3548 3622 
155 257 306 612 895 1227 1571 1598 2022 2211 2453 2494 2509 3001 3495 3544 3603 
26 279 324 428 692 811 819 902 1237 1459 1855 2146 2863 3181 3625 3905 4023 
141 292 432 557 606 748 1198 1249 1719 1800 2222 2283 2323 2748 3421 3542 3999 
117 277 363 368 386 689 1327 1358 1808 1880 2299 3096 3317 3326 3431 3540 3609 
233 271 969 1151 1428 1442 1462 1469 1612 2205 2262 2427 2543 2874 3445 3860 3954 
58 82 245 264 311 610 724 1167 1376 1485 1738 2435 2735 2740 3611 3645 4086 
196 374 561 1292 1343 1449 1651 1678 1722 2173 2177 2564 2622 2820 3448 3583 3630 
0 338 463 665 700 978 1112 1411 1900 1960 2084 2599 2911 3073 3428 3580 3768 
367 373 540 1044 1178 1299 1675 2141 2297 2310 2336 2550 2876 3064 3397 3610 3672 
488 538 558 598 900 1277 1757 2083 2457 2562 2636 2934 3126 3318 3627 3670 3912 
165 179 216 521 591 1238 1489 1531 2304 2575 2816 2833 2974 3251 3532 3560 3861 
532 1115 1387 1607 1815 1987 2143 2185 2208 2233 2245 2401 2804 3136 3410 3661 3775 
275 312 655 1027 1078 1338 1430 1472 1818 2256 2585 2934 3238 3260 3530 3563 3839 
212 464 1047 1336 1457 1631 1799 2438 2462 2628 2785 2905 3056 3244 3565 3649 3968 
107 240 646 713 760 798 1301 1840 2083 2239 2425 2533 2547 3198 3611 3895 3903 
160 234 744 1182 1681 1918 2001 2052 2061 2099 2408 2739 3132 3188 3471 3643 3685 
197 291 652 931 1086 1708 2163 2166 2229 2259 2313 2496 2637 2948 3612 3773 3995 
72 132 256 597 772 876 882 1042 1306 1409 1581 1666 2929 2977 3691 3819 3935 
42 421 552 904 1153 1345 1687 1836 1936 2116 2473 2637 3273 3331 3475 3790 3860 
10 23 595 1278 1360 1680 1760 2060 2067 2085 2435 2440 2910 3059 3590 3652 3953 
43 49 708 1341 1354 1512 1537 1624 1949 2038 2472 2663 2666 2964 3498 3738 3866 
60 952 1229 1299 1558 2069 2194 2327 2478 2630 2784 2932 3079 3087 3362 3711 3779 
194 879 1502 1652 1663 1711 1928 2105 2149 2221 2523 2572 2598 2778 3596 3873 4009 
323 583 880 883 980 1332 1782 1830 2021 2153 2238 2316 2374 2648 3480 3836 4040 
67 564 622 638 710 768 795 1171 1746 2274 2635 2945 3203 3310 3493 3587 3766 
57 135 411 535 582 1140 1288 1349 1479 1521 2039 2813 2815 3153 3480 3508 3770 
153 402 783 916 1313 1403 1473 1757 1912 1915 1932 3055 3177 3253 3486 3882 3899 
444 847 860 935 1205 1784 1819 1838 2157 2325 2400 2443 2709 3285 3757 3864 3911 
21 401 1024 1258 1899 1950 1981 1986 2293 2746 2788 2971 3154 3190 3359 3828 3846 
154 186 943 1118 1464 1690 1743 2407 2416 2435 2712 2737 2862 3055 3465 3466 3650 
269 527 875 1025 1725 1735 1847 1912 1984 2030 2140 2466 3124 3299 3513 3798 4023 
95 239 813 1351 1430 1586 1589 1704 1714 2352 2751 3053 3257 3268 3602 3762 3856 
53 258 260 535 660 1544 1931 2146 2373 2874 2877 2997 3241 3349 3543 3606 4003 
335 628 904 1220 1255 1418 1600 1711 1752 1759 1776 2777 2968 3342 3826 3953 4014 
1 710 878 962 1223 1248 1579 1882 2105 2665 2861 3004 3090 3305 3496 3518 3865 
16 648 665 726 921 968 1263 1347 1412 1512 2184 2274 2467 3232 3632 3840 3860 
131 456 503 733 885 888 933 1104 1139 1500 1636 2592 3123 3348 3533 3734 3750 
301 382 545 740 999 1049 1816 1930 2056 2521 2548 2858 3027 3067 3448 3608 3910 
13 83 864 879 1183 1534 1583 1818 2021 2301 2758 2922 2979 2998 3361 3449 3466 
295 337 342 1128 1237 1828 2289 2398 2512 2813 2882 2895 3322 3344 3383 3606 3966 
123 137 251 416 680 699 1003 1031 1349 1947 2659 2850 2900 2994 3477 3547 3586 
171 289 643 985 1449 2130 2290 2414 2539 2589 2592 2899 3085 3242 3422 3585 3891 
28 170 202 214 223 475 1178 1609 2189 2294 2341 2742 3061 3117 3572 3581 3728 
267 548 746 1132 1143 1422 1749 2018 2350 2586 3021 3060 3260 3337 3493 4054 4082 
182 376 776 930 1348 1428 1569 1645 1796 1824 2365 2812 3109 3337 3441 3542 3914 
47 751 815 1164 1282 1435 1670 2198 2217 2344 2716 2811 2881 3345 3489 3525 4083 
322 407 600 801 899 1006 1050 1123 1437 1766 2162 2565 2889 3263 3365 3991 4072 
299 797 969 1402 1788 1802 1967 2052 2500 2605 3015 3106 3225 3268 3411 3723 3937 
48 202 423 702 1132 1196 1286 1879 1973 2054 2744 2977 3202 3327 3894 4025 4056 
262 779 920 967 1012 1019 1680 2170 2200 2223 2619 2997 3154 3233 3361 3407 3507 
259 315 412 573 761 1397 1499 1623 1695 1756 1802 2506 2728 2797 3537 3602 3965 
211 262 339 511 528 547 584 874 1415 2020 2467 2488 2917 3330 3371 3884 4020 
777 789 925 1155 1611 1853 2178 2469 2663 2698 2949 3070 3118 3277 3656 3681 3733 
611 956 1032 1033 1157 1365 1703 1720 1845 2032 2160 2677 2719 3232 3584 3672 3913 
246 327 553 599 632 997 1045 1727 1950 1971 2576 2770 3017 3100 3415 3424 3985 
360 748 874 986 1361 1688 1844 2419 2803 2989 3002 3010 3086 3174 3387 3464 4037 
62 693 915 957 1467 1753 1843 1862 2076 2333 2638 2774 3028 3336 3491 3542 3919 
131 159 167 408 522 684 848 923 1525 1913 1972 2345 2482 3106 3756 3943 4032 
231 346 500 919 1163 1538 1586 1685 2220 2392 2705 3070 3116 3228 3931 3965 3972 
427 525 570 725 814 1152 1245 1492 1648 1769 2103 2590 3003 3095 3620 3685 3702 
627 649 1350 1463 1980 2191 2309 2469 2545 2571 2618 2705 3056 3158 3413 3580 3660 
778 858 890 1203 1347 1613 1816 1997 2019 2269 2285 2776 2904 2930 3381 3395 3791 
408 485 674 859 1154 1181 1246 1556 1577 1647 1876 2015 2531 2803 3651 3691 4001 
626 632 646 987 1078 1414 1468 1610 1627 2176 2377 2838 2842 2953 3481 3798 3940 
277 504 820 1559 1868 1871 2242 2370 2690 2744 2994 3042 3171 3275 3704 4039 4050 
76 433 500 665 887 1820 1839 1989 1992 2065 2124 2230 2830 3041 3545 3640 3690 
305 369 423 584 733 857 1109 1456 1478 1486 1729 2188 2396 2512 3425 3753 4004 
311 547 1126 1164 1172 1760 1852 1856 2010 2200 2687 2800 3067 3176 3549 3566 3845 
68 229 331 391 1122 1152 1283 1614 1741 2783 2869 2927 2944 3211 3566 3943 4016 
69 339 588 728 806 1408 1510 1834 1870 2098 2431 2455 2724 2969 3778 3936 3970 
321 419 638 1419 1506 1616 1635 1885 2059 2113 2216 2820 3206 3215 3395 3540 3819 
11 17 379 590 819 1532 1660 2286 2288 2651 2727 2878 2926 3227 3412 3519 3571 
340 710 728 837 1153 1391 1540 1806 2606 2842 2896 2978 3165 3272 3566 3616 3647 
238 287 636 1295 1331 1350 1391 1953 1989 2464 2920 2922 3296 3314 3551 3716 3880 
274 305 314 673 1089 1480 1784 1874 2103 2300 2356 2544 2554 2566 3477 3918 3937 
85 343 437 571 622 948 1273 1301 1436 1469 1741 2561 2714 3254 3462 3944 4010 
57 72 110 810 928 946 1032 1039 1147 1392 1643 1686 1954 2886 3432 3438 3714 
783 863 890 1122 1358 1432 1451 1732 2636 2683 2701 2848 2850 3068 3498 3807 4084 
186 397 405 526 681 766 1155 1646 2030 2215 2281 2817 3160 3330 3754 3770 4006 
338 371 472 507 586 718 1015 1409 1726 2222 2355 2616 2686 2884 3479 3635 3653 
157 563 722 876 881 1292 2256 2328 2451 2756 2870 3026 3285 3340 3464 3710 3782 
45 108 672 874 1041 1047 1264 1607 1721 2070 2169 2639 3066 3248 3382 3543 3804 
150 423 554 869 1194 1380 1554 1850 1940 2307 2529 2969 3103 3318 3552 3718 3967 
77 100 475 523 577 690 762 1136 1436 1488 1922 2293 2886 3141 3421 3680 4019 
34 303 662 794 861 1361 1419 1428 1575 1883 2079 2538 2821 3081 3373 3520 3710 
148 541 975 1110 1399 1404 1501 1545 1969 2272 2514 3133 3238 3344 3400 3401 4057 
247 273 543 723 1028 1509 1577 1952 2111 2175 2275 2734 2826 3176 3463 3655 3934 
134 359 1176 1511 1578 1799 1969 1972 2087 2270 2398 2644 2794 3169 3462 3597 3963 
233 306 583 1040 1617 1786 1906 2258 2429 2491 2594 3068 3173 3300 3426 3435 3725 
256 330 424 480 990 1059 1329 1617 1672 1734 1976 2210 2586 3001 3504 3657 3769 
178 368 369 498 838 922 1234 1841 2276 2423 2438 2471 2917 3350 3576 3722 3882 
832 1248 1323 1886 2139 2593 2607 2807 2914 3012 3016 3253 3271 3321 3361 3637 4064 
41 54 259 483 560 606 867 1663 1753 2144 2200 2732 2933 3024 3620 3720 4042 
36 670 765 794 975 1097 1756 1924 1965 2173 2713 2860 3045 3244 3512 3902 4080 
316 662 667 1182 1840 2197 2314 2447 2478 2544 2629 2824 2936 3166 3458 3842 4006 
393 549 628 729 743 892 1270 1309 1689 1727 1804 2063 2290 3313 3772 3808 3863 
18 510 1021 1127 1343 1454 1596 1764 1879 2667 2765 2787 2814 2943 3385 3687 4035 
778 957 962 1198 1312 1887 1938 2067 2414 2681 2700 2747 3239 3322 3378 3546 3742 
116 125 626 818 1086 1460 1673 1969 2160 2580 2694 2857 2923 3250 3945 3980 4055 
5 121 528 680 903 936 957 1130 1592 1827 1837 1959 2442 2831 3388 3541 3837 
54 232 762 1103 1159 1167 1259 1474 1561 1996 2219 2243 2485 3287 3735 3773 3969 
1 97 173 378 651 933 1056 1426 1471 2326 2779 3064 3309 3345 3539 3619 3984 
219 494 745 812 816 963 1343 1356 1395 2377 2609 2862 3222 3320 3499 3553 3955 
415 602 697 779 1084 1242 1624 2032 2235 2412 2551 2779 3258 3320 3424 3949 4013 
138 235 574 676 825 997 1070 1160 1304 1366 1546 1745 3157 3346 3376 3399 3576 
322 394 1176 1280 1420 1787 1873 1973 2073 2104 2697 2828 3189 3216 3749 3959 4049 
54 619 1277 1445 1801 1826 1896 1897 2104 2625 2743 2814 3161 3258 3501 3623 3849 
296 1135 1177 1648 1655 1682 1917 2378 2513 2789 2959 3065 3227 3352 3657 3681 4055 
241 661 886 1197 1526 2126 2154 2356 2459 2708 2771 2912 2959 3351 3363 3410 4018 
9 194 502 603 1043 1191 1297 1310 1814 1916 2166 2382 3240 3269 3516 3593 3809 
52 331 333 759 849 1089 1488 2355 2447 2603 3135 3151 3280 3338 3804 3921 4003 
278 469 1031 1459 1627 2202 2615 2860 2884 2904 2996 3079 3264 3274 3980 3983 4039 
35 65 252 892 1057 1479 1786 2093 2159 2540 2579 2612 3305 3337 3664 3897 4017 
84 659 672 906 941 1223 1427 1464 1770 1812 2077 2354 2687 3132 3846 4076 4080 
108 206 254 405 1276 1493 1525 1716 2057 2336 2449 2836 3198 3224 3374 3552 3986 
127 626 661 769 1288 1510 1837 2011 2205 2227 2798 3077 3085 3291 3642 3688 4094 
213 390 531 550 1004 1087 1329 1431 1515 1644 2360 2507 2558 2653 3372 3777 4012 
201 259 454 715 926 1076 1141 1235 1390 1737 1911 1945 2065 2656 3412 3624 4086 
67 625 898 913 1158 1407 1755 1930 2279 2611 2871 2883 2911 2977 3403 3439 3514 
86 439 667 922 935 949 1023 1592 1967 2054 2107 2129 3217 3299 3754 3762 3863 
22 119 427 441 446 974 1096 1275 1452 1518 1641 1867 1993 2493 3487 3717 3979 
10 615 623 722 1424 1455 1557 1875 2627 2714 2922 3035 3146 3181 3654 3719 3937 
300 913 944 965 1060 1505 1522 1691 2545 2693 2785 2863 2920 3203 3433 3520 3939 
29 426 443 467 487 1323 1503 1718 1751 1902 2066 2409 2543 2857 3527 3577 4092 
147 325 1363 1365 1478 1597 1616 1642 2012 2097 2101 2909 3165 3167 3853 4035 4090 
5 104 152 469 490 607 812 897 1057 1651 1938 1999 2466 3012 3468 3485 4093 
520 580 596 1172 1353 1450 1558 1828 1875 1899 2077 2726 3048 3256 3463 3818 3997 
12 330 1009 1022 1618 1774 2016 2165 2249 2252 2680 2901 2909 3357 3455 3888 3976 
14 391 438 445 826 851 1012 1258 1318 1496 2343 2568 2653 3335 3404 3677 3793 
4 227 292 425 1683 1752 2058 2276 2312 2324 2517 2573 2929 3103 3714 3942 3970 
298 307 433 448 625 996 1072 1788 1884 2134 2519 2584 2771 3311 3557 3684 3978 
63 609 637 743 1052 1314 1844 1964 2101 2410 2706 3036 3287 3315 3780 3841 3917 
759 813 998 1103 1263 2232 2503 2623 2646 2776 2842 3028 3252 3297 3597 3697 3957 
1130 1150 1279 1492 1588 1748 1796 2296 2337 2649 2689 2692 3195 3349 3478 3988 4077 
133 291 469 482 695 1208 1346 1605 1776 1780 2427 2516 2553 3013 3365 3384 3748 
51 227 384 580 703 1724 1953 2035 2062 2242 2547 2589 3077 3143 3706 3854 3928 
270 536 557 699 819 1193 1380 2026 2124 2269 2378 2413 2701 2879 3659 3882 3943 
355 369 376 589 881 1094 1096 1688 1978 2022 2445 2546 2696 3150 3380 3627 3940 
74 129 277 358 610 1013 1123 1251 1735 1932 2525 2733 3127 3138 3833 3981 4060 
154 181 302 324 349 481 1270 1475 1629 1647 2513 2865 3231 3289 3477 3619 3750 
145 239 318 383 436 931 979 1254 1692 1852 2000 2132 2693 3254 3638 3745 4050 
82 287 521 725 1089 1327 1715 1838 2036 2234 2624 2645 3134 3243 3445 3562 3715 
682 924 1334 1368 1459 1497 1794 1861 2453 2703 2834 3119 3253 3288 3416 3610 3896 
739 1257 1404 1699 1829 2029 2196 2320 2502 2674 2775 2822 3148 3265 3483 3783 3960 
114 150 237 480 782 865 995 1827 1871 1994 2053 2335 2536 2743 3442 3451 4016 
251 364 396 755 1054 1062 1247 1603 1695 1736 2038 2061 2080 2158 3437 3704 3743 
75 170 932 1094 1276 1446 1851 2000 2381 2551 2659 3027 3216 3220 3734 3796 3969 
115 129 457 869 1383 1464 1899 2188 2622 2846 2854 3075 3278 3350 3609 3675 3775 
429 456 641 972 1045 1215 1754 2172 2367 2392 2423 2611 2935 3087 3434 3707 3725 
265 547 1171 1186 1411 1429 1707 1756 1758 2098 2149 2660 2889 3302 3411 3665 4061 
178 320 648 653 1046 1320 1692 1766 2078 2174 2342 2343 2881 3140 3521 3590 3934 
278 400 530 734 1386 1763 1905 1937 2012 2321 2450 2458 2759 3068 3517 3799 3802 
55 111 409 434 906 1030 1084 1143 1327 1935 2048 2061 2086 2972 3616 3895 4066 
203 258 439 595 1037 1326 1541 1852 2299 2495 2564 2748 2891 3009 3426 3500 3621 
544 635 833 1051 1148 1504 2109 2147 2462 2786 3042 3126 3131 3241 3603 3920 3983 
591 786 910 1156 1231 1498 1518 1666 1828 1871 2272 2350 2667 3329 3513 3602 4087 
264 280 442 667 737 785 840 857 947 1473 1957 2644 2989 3198 3941 3964 3973 
177 693 944 1158 1344 1813 2308 2318 2367 2397 2489 2535 3023 3094 3873 3968 3982 
425 528 901 1371 1569 1726 1854 2104 2232 2293 2464 2505 2624 3255 3737 3747 3904 
11 152 494 515 814 1037 1106 1263 2181 2423 2722 2738 2907 3172 3615 3684 3919 
126 498 598 767 1291 1962 1998 2027 2591 2802 2897 3037 3168 3267 3626 3930 3933 
184 795 996 1020 1041 1233 1550 1807 1891 2251 2294 2510 2570 3319 3554 3591 3849 
756 935 1508 1785 1929 2090 2218 2265 2307 2367 2659 2765 2792 2851 3505 3556 4018 
140 174 313 562 571 1005 1424 1697 1728 2183 2560 2591 2882 2987 3379 3483 3633 
647 725 1095 1297 1592 2130 2245 2291 2329 2353 2699 3072 3170 3261 3371 3433 3758 
81 432 721 1316 1532 1634 1990 1995 2017 2463 2696 2780 2868 3200 3659 3703 3826 
198 204 208 224 323 622 730 778 934 1080 1104 1735 2311 2691 3384 3746 3956 
209 486 748 984 1069 1181 1427 1687 1971 2109 2212 2215 2373 2767 3476 3499 4028 
454 955 1000 1066 1189 2088 2128 2137 2195 2635 2858 2952 2954 2993 3456 3463 3538 
19 447 553 606 744 1025 1357 1540 1749 2042 2133 2349 2674 2857 3640 3696 3703 
260 751 776 998 1146 1334 1708 1721 1798 1889 2440 2552 2657 3022 3805 3844 3947 
91 169 337 613 1097 1351 1469 1555 1596 1761 1803 1823 2028 2621 3537 3589 3645 
598 645 1066 1135 1152 1228 1314 1640 1913 1918 2190 2563 2575 2643 3513 3568 3790 
307 971 1033 1093 1204 1313 1640 1667 1813 2023 2504 2561 3164 3272 3645 3791 4056 
407 502 550 1009 1340 1377 1384 1733 1873 1966 2046 2403 2417 2952 3500 3669 4061 
75 1116 1370 1676 1682 1737 1777 2180 2418 2480 2518 2777 3144 3306 3617 3630 4024 
94 149 169 210 805 1027 1153 1336 1632 1947 2762 2916 2928 3124 3502 3758 3870 
10 40 964 1083 1335 1441 1556 1824 1963 2035 2202 2217 2532 2952 3708 3915 4094 
78 298 542 660 847 1147 1262 1421 2049 2168 2237 2452 2652 2993 3367 3587 3767 
212 399 477 652 843 968 2027 2129 2138 2385 2386 2717 2764 2984 3369 3585 3898 
155 597 805 950 1230 1817 1919 2351 2395 2799 2835 3072 3266 3335 3486 3573 3676 
531 636 961 994 1060 1388 1395 1611 1793 2016 2097 2456 2950 3155 3400 3607 4070 
22 303 459 551 914 2045 2085 2358 2376 2447 2564 2837 3002 3043 3425 3840 3909 
116 286 499 662 706 1023 1392 1439 1775 2192 2195 2980 3172 3211 3385 3804 3861 
30 243 630 912 1435 1580 1842 1960 2047 2118 2522 2528 2571 3339 3527 3653 3777 
48 66 448 462 498 519 700 1373 1599 2558 2736 2988 2999 3332 3581 3689 3950 
362 438 747 832 954 1440 1746 2240 2313 2717 2775 3096 3194 3207 3475 3619 3638 
36 183 513 685 1069 1137 1192 1319 1864 2111 2163 2320 2727 2737 3726 3985 4083 
98 120 240 444 1090 1234 1455 1665 2172 2770 2803 2838 2873 3147 3743 3782 4017 
222 228 453 524 878 918 936 1699 1951 2020 2302 2501 3085 3177 3560 3922 4008 
228 248 253 781 793 845 1551 1670 1958 2122 2438 2563 3040 3245 3509 3631 4034 
3 160 357 579 739 766 1052 1090 1524 1579 1770 1955 2582 2757 3798 3801 4012 
37 717 822 942 949 1063 1074 1574 2349 2474 2702 2878 3036 3126 3526 3636 3776 
284 325 604 1131 1139 1382 1444 1543 1907 1914 2380 2562 2603 2672 3476 3534 4053 
3 8 240 272 663 731 1021 1036 1704 2135 2490 2541 2918 3057 3541 3830 4072 
330 348 818 867 1211 1283 1310 1491 1758 2402 2505 2888 2902 2962 3518 3812 3835 
59 69 179 383 513 1159 1560 1674 1732 2072 2877 3078 3142 3350 3401 3753 3838 
293 803 1036 1222 1731 1734 1900 1967 2418 2559 2823 2964 2999 3212 3549 3741 4081 
18 832 891 973 979 1071 1390 1848 2136 2514 2825 2945 3091 3189 3388 3707 3774 
728 885 886 1384 1406 1629 1658 1718 1895 2372 2492 2725 3075 3090 3405 3752 4002 
481 541 677 684 908 1275 1288 1333 1721 2028 2555 2756 2852 3159 3843 3994 4081 
66 126 758 902 911 940 1120 1142 1490 1643 2427 3095 3164 3268 3664 3756 4046 
319 442 894 946 1022 1083 1754 2170 2306 2458 2566 2664 2973 3012 3607 3666 4042 
159 281 603 676 1293 1676 1713 1974 2428 2541 2624 2893 2951 3052 3780 3914 4059 
154 213 321 375 403 427 592 619 685 1065 1612 2106 2856 3141 3364 3744 3886 
72 244 309 378 387 406 621 1269 2047 2673 2823 2969 3000 3328 3455 3832 3868 
809 997 1038 1100 1920 2221 2371 2383 2477 2606 2752 2829 2885 3186 3598 3613 3701 
184 686 1102 1330 1402 1487 1768 1939 2162 2448 2555 2567 2629 2988 3460 3797 3917 
719 1104 1298 1454 1888 1987 2035 2048 2289 2773 3028 3032 3116 3355 3792 3869 3880 
142 162 190 968 1207 1496 2287 2327 2498 2722 2729 2761 3007 3128 3604 3740 3876 
51 60 94 168 203 549 565 988 1210 1514 1564 1783 1870 3130 3492 3541 4073 
167 207 432 616 631 686 960 1038 1039 2119 2121 2182 2386 2407 3456 3594 4059 
205 424 1105 1200 1286 1303 1549 1634 2594 2718 2992 3016 3063 3317 3626 3713 4052 
181 483 628 670 759 872 1219 1405 1658 2415 2437 2446 3168 3249 3394 3502 4041 
216 582 704 1447 1483 1566 1597 1724 1924 1925 2359 2481 2499 3279 3589 3812 3850 
139 263 370 440 489 587 895 907 1043 2043 2239 2319 2351 2417 3528 3847 4034 
24 331 483 1170 1870 2245 2511 2670 2806 2886 2948 3039 3333 3354 3671 3881 3952 
4 98 841 1011 1499 1705 1825 1902 2233 2668 2817 3157 3262 3275 3472 3936 3955 
40 270 762 875 1172 1568 2008 2031 2257 2581 2608 2716 2724 2785 3461 3640 4091 
176 616 1186 1503 1585 1762 1778 1862 1893 1923 2353 2914 3092 3241 3414 3522 3830 
361 403 907 1134 1146 1207 1402 2486 2707 2745 3034 3294 3319 3335 3439 3586 3824 
491 1324 1495 1714 1842 2199 2268 2432 2450 2590 2885 3037 3197 3255 3684 3820 4078 
35 113 232 265 508 992 1625 1664 1989 2218 2454 2490 3200 3293 3414 3536 3621 
402 884 887 1150 1201 1792 2175 2382 2395 2684 3039 3179 3302 3317 3767 3824 4035 
80 512 516 542 1082 1135 1423 1684 1853 2075 2282 2510 2687 2766 3692 3831 3975 
170 310 529 613 664 716 1147 1453 1516 1977 2574 2811 3026 3055 3360 3783 3934 
41 524 627 638 841 1161 1250 1344 1440 2134 2439 2498 2634 3069 3811 3938 4081 
238 269 414 712 749 787 1342 1837 1958 2366 2520 2596 3074 3083 3641 3755 3815 
4 139 366 450 740 1095 1191 1289 1522 1613 2201 2328 2825 2964 3660 3878 4017 
232 479 736 927 1099 1184 1214 1593 1746 1796 2665 2747 2926 3099 3794 3878 3977 
1174 1214 1251 1858 2055 2264 2278 2317 2368 2490 2867 3056 3089 3261 3637 3764 3893 
159 379 422 945 977 1406 1709 1806 2000 2136 2364 2584 2623 3194 3431 3673 4044 
85 286 290 294 502 1168 1717 1771 2196 2386 2631 2801 3160 3197 3452 3736 4015 
15 372 414 983 1010 1139 1416 1555 1626 2026 2243 2568 2946 3294 3764 3814 3851 
377 866 1203 1533 1572 1650 1805 1832 2112 2358 2598 3105 3237 3309 3400 3668 4080 
255 784 1054 1105 1157 1168 1355 1552 1854 1963 2252 2495 2915 3086 3996 4036 4088 
593 992 1182 1456 1458 1841 1941 2024 2051 2460 2630 2683 3011 3356 3406 3527 3769 
579 1011 1035 1082 1269 1536 1727 1887 2044 2119 2125 2469 2845 3123 3661 4000 4054 
326 534 593 1155 1161 1296 1379 1425 1865 1961 2044 2906 2956 3192 3418 3651 3667 
83 223 339 613 695 969 1326 2137 2161 2357 2642 2761 2963 3139 3453 3457 3660 
152 269 508 739 1157 1198 1294 1567 1587 1604 1683 2513 3121 3307 3534 3656 3844 
121 163 516 844 870 950 1635 2012 2154 2755 2827 2927 2954 3035 3648 3725 3884 
218 272 706 735 1056 1217 2074 2082 2177 2671 2760 2796 2924 2949 3600 3974 4022 
78 792 1119 1122 1142 1238 1337 1447 1872 2024 2158 2867 2908 3292 3574 3966 3988 
39 200 266 910 1034 1081 1123 1790 1848 1904 2271 2797 2896 3196 3509 3952 4065 
137 151 703 780 1262 1397 1712 2192 2679 2736 2858 2895 3097 3149 3406 3892 3899 
180 384 642 938 1001 1218 1396 1663 1761 2015 2484 2540 2617 2877 3472 3551 3726 
55 523 789 864 889 1268 1801 1835 2218 2470 2478 2547 2701 2831 3379 3511 3679 
43 64 437 518 539 1244 1260 1463 1467 1722 2171 2339 2613 2925 3378 3656 3669 
26 714 927 979 1144 1321 1489 1698 1897 2377 2658 2788 3296 3331 3526 3752 4047 
359 526 678 802 994 1006 1345 1398 1477 2189 2310 2342 2575 3298 3551 3723 3980 
174 553 958 1101 1195 1346 1864 2348 2480 2844 3114 3117 3148 3245 3374 3429 3836 
294 374 849 1133 1521 2296 2330 2479 2501 2614 2749 2962 3199 3204 3487 3510 3727 
564 1078 1576 1633 2116 2227 2374 2569 2583 2705 2732 2828 2891 3190 3490 3724 3809 
40 150 732 843 989 1093 1160 1188 1603 1916 2033 2037 2443 3237 3695 3925 4044 
99 135 380 471 532 635 1091 1332 1482 1588 1793 1914 3057 3143 3444 3512 3878 
501 621 639 723 791 1141 1173 1728 1740 1881 1987 2446 2643 2710 3529 3833 3986 
42 209 250 542 633 790 1108 1405 1539 1576 1691 2672 3045 3325 3611 3652 3911 
16 782 913 1667 1742 1841 2017 2133 2711 2722 2880 2910 2919 3310 3521 3706 3918 
147 584 655 1067 1184 1588 1950 2156 2508 2750 3024 3050 3185 3297 3386 3503 3998 
47 266 828 896 966 1781 2263 2425 2503 2602 2855 3010 3187 3304 3459 3811 4030 
275 412 476 499 633 844 891 929 1205 1557 2347 3129 3133 3266 3703 3853 3858 
312 328 472 575 800 1063 1231 1266 1646 1943 2042 2309 2742 3071 3590 3732 3826 
206 340 738 989 1679 1698 1789 1833 2262 2365 2861 2866 3100 3235 3494 3717 3736 
133 400 510 684 822 947 1149 1417 1443 1547 1697 2289 2343 3210 3423 4001 4031 
189 268 460 495 923 950 1108 1276 1342 1594 1724 2145 2226 3248 3380 3689 3862 
607 700 1121 1165 1186 1285 1639 2158 2602 2654 2832 2893 3041 3269 3613 3627 3698 
220 380 455 505 785 1324 1567 1725 1927 2165 2309 2760 2957 3111 3489 3686 4058 
42 454 457 720 817 942 1101 1166 1210 1517 1722 2560 3204 3294 3781 3950 3954 
46 825 1190 1351 1599 1662 1872 2333 2436 2666 2704 3120 3304 3330 3369 3386 3594 
20 425 616 620 770 786 970 1697 1740 1951 2112 2568 2689 2907 3605 3659 3953 
555 688 767 821 1357 1625 1964 2008 2235 2443 2488 3100 3281 3310 3358 3938 4042 
162 446 468 877 1180 1634 1860 1882 2411 2530 2581 2627 3161 3174 3414 3437 3693 
828 1077 1124 1387 1452 1602 1739 1795 1826 1909 2209 2260 2669 3054 3492 3813 3843 
7 246 263 283 853 977 1048 1217 1291 1365 2066 2341 2920 3321 3595 3678 3992 
386 466 781 839 1232 1315 1381 1399 1530 1720 1980 2080 2559 2741 3505 3583 3705 
285 866 1161 1468 1829 1970 1982 2126 2413 2630 2684 2768 2859 2992 3438 3450 3991 
209 1119 1595 1709 1763 1795 1810 2728 2805 2890 3016 3047 3081 3423 3701 4087 
300 838 1325 1593 1693 2138 2151 2487 2529 2591 2600 2622 3147 3436 3446 4027 
514 614 1061 1626 1645 1660 1669 1826 1844 2193 2203 2248 2746 3460 3865 3929 
588 612 1079 1197 1472 1843 1941 1952 2167 2577 2727 2812 3208 3398 3427 3578 
392 471 746 821 854 1055 1319 1476 1544 1638 2390 2795 2843 3694 3928 4052 
74 355 365 1098 1289 1645 1907 2182 2452 2706 2715 2960 3121 3694 3858 3870 
161 501 539 646 843 1014 1058 1742 2063 2691 2981 2986 3314 3422 3487 3871 
90 474 587 629 664 983 1364 2456 2538 2790 2976 3162 3186 3818 3825 3926 
293 435 514 893 901 917 1312 2063 2524 2574 2830 2948 3022 3588 3708 4041 
77 1414 1556 1618 1654 2204 2391 2530 2537 2542 2641 3119 3324 3575 3959 4047 
71 140 296 666 780 2178 2255 2516 2633 2755 2757 2818 3356 3440 3473 4046 
225 539 837 1206 1308 1318 1504 1777 1946 2010 2605 2669 3257 3570 4069 4074 
289 1017 1061 1106 1446 1492 1585 1639 1709 1821 1892 1935 2330 3821 3856 3923 
747 897 1624 1985 2238 2254 2389 2483 2650 2723 3073 3192 3322 3519 4008 4068 
104 428 658 993 1266 1572 1917 2381 2449 2463 2916 3064 3172 3432 3554 3840 
177 419 429 576 835 1614 2208 2292 2521 2840 2916 3156 3279 3935 3958 4000 
128 473 1759 1917 1944 1955 2256 2419 3011 3027 3153 3182 3251 3379 3521 3603 
863 905 1381 1466 2128 2264 2799 2827 2880 2888 3316 3321 3356 3522 3868 4048 
137 187 245 625 751 1466 1864 2576 2973 3020 3140 3227 3289 3550 3744 4093 
66 885 900 938 1084 1548 1783 2413 2524 2719 3004 3250 3353 3420 3469 3926 
166 448 526 620 841 1110 1120 1431 1578 1974 2306 2369 2875 3501 3535 3838 
14 95 118 234 404 643 782 799 1954 2333 2346 2810 2878 3865 3904 3959 
244 449 594 1204 1637 1921 2066 2210 2537 2664 2712 3049 3175 4023 4051 4060 
115 161 351 618 1667 1711 1850 2242 2674 2717 2978 3257 3307 3639 3674 3793 
2 296 824 936 1072 1476 1794 1856 2117 2118 2141 2145 2663 3574 3852 3906 
163 204 363 575 1035 1698 1707 1835 2321 2694 2767 2876 3075 3482 3567 3803 
436 800 808 929 1058 1495 1996 2094 2376 2647 2731 3201 3354 3362 3445 4051 
118 370 410 529 1519 1591 1939 2235 2455 2716 2849 2871 3286 3578 3857 4029 
242 755 1039 1175 1274 1382 1458 1951 2416 2648 3052 3150 3167 3647 3957 4037 
110 326 338 691 788 1026 1076 1389 1539 2374 2708 3003 3025 3638 3813 3936 
417 515 788 848 912 1045 1304 1678 1822 2179 2230 2698 3226 3694 3931 4092 
32 165 252 332 398 706 822 872 2097 2281 2763 2925 3234 3472 3705 3759 
618 761 985 1766 1956 2117 2324 2405 2461 2713 2725 2925 3221 3523 3710 3866 
114 172 344 347 991 1273 2016 2171 2517 2580 2836 2939 3101 3413 3742 4063 
103 164 309 880 1099 1166 1265 1858 2350 2653 2833 2990 3314 3623 3709 3906 
153 266 645 727 1044 1121 1284 1422 1568 2092 2284 2783 3097 3763 3993 4062 
0 276 541 917 955 1328 1563 1621 1986 2264 2362 2507 2829 3504 3631 3993 
84 138 202 361 441 717 831 1886 2079 2109 2678 2870 3254 3497 3763 4027 
420 698 1226 1277 1638 1929 2099 2150 2297 2676 2798 2833 2986 3401 3446 3683 
59 102 834 922 1236 1269 1455 1465 1994 2470 2808 2862 3323 3404 3425 3569 
143 490 723 1119 1282 1433 1458 2354 2388 2404 2725 2788 2892 3837 3902 4084 
574 629 813 966 1049 1094 1110 1317 1373 2287 2312 2572 3308 3468 3516 3559 
25 68 265 440 1181 1471 1708 2031 2075 2236 2385 3090 3144 3390 3447 3592 
546 615 1002 1086 1252 1280 1860 2062 2253 2418 2944 3180 3210 3546 3610 3785 
37 100 382 689 1434 1553 1775 2476 2686 2988 3156 3189 3327 3444 3469 3961 
973 1111 1163 1503 1507 1656 1673 1833 2113 2114 2240 3063 3108 3579 3720 4066 
82 810 937 1235 2025 2050 2302 2303 2361 2479 2618 2662 3343 3811 3871 4031 
578 729 871 963 1530 1656 1834 1938 2127 2150 2324 2951 3295 3393 3461 3920 
64 218 854 866 1446 1717 1769 2025 2295 2491 3116 3124 3153 3629 3688 3712 
623 799 1092 1253 1534 1552 1869 2337 2483 2519 2639 2730 2782 3453 3782 3867 
333 1193 1382 1424 1562 1794 2070 2153 2180 2317 2569 3065 3231 3492 3524 3880 
6 572 581 1150 1598 1619 1888 2017 2163 2410 2620 2800 3099 3556 3922 3984 
753 807 989 1005 1116 1352 1355 1361 1443 1445 1610 2020 2950 3435 3794 4075 
241 856 1630 1719 2018 2037 2182 2403 2720 2793 2817 2872 2887 3394 3526 3707 
268 318 925 972 1213 1285 1694 1913 1931 2043 2231 2533 3021 3781 3857 3877 
61 1006 1191 1369 1454 1671 1723 2286 2323 2704 2755 3164 3236 3512 3620 3688 
536 827 1034 1274 1341 1483 1898 2023 2279 2474 2579 2646 3181 3805 4020 4079 
70 197 529 1251 1380 1476 1909 2013 2249 2291 2921 3233 3312 3546 3634 3797 
486 670 753 829 1029 1124 1848 1928 2192 2316 2682 2913 3112 3444 3462 3831 
33 297 520 702 1149 1820 2010 2123 2190 2193 2424 3086 3283 3530 3978 4024 
61 344 544 937 1744 1786 2004 2401 2515 2535 2781 3005 3280 3570 3875 3994 
2 76 442 537 624 750 779 1258 1956 2539 2980 3195 3234 3449 3618 3761 
345 842 1553 1590 1635 1866 1877 2752 2966 3051 3061 3082 3152 3510 3571 3990 
18 126 274 1620 1944 1991 2810 2866 3050 3098 3269 3274 3303 3510 3895 3968 
297 462 1117 1602 1822 1891 2001 2037 2071 2076 2086 2150 3122 3711 3714 3800 
14 105 261 487 507 627 834 1131 1311 1993 2737 3020 3107 3740 3981 4037 
189 346 357 745 881 1046 2057 2166 2357 2390 2707 3102 3108 3639 3766 4007 
347 678 839 1028 1048 1195 1374 1693 2106 2366 2604 2643 2864 3384 3628 3872 
235 429 1189 1193 1216 1550 1628 1978 2281 2313 2387 3115 3304 3488 3596 4046 
972 1073 1359 1477 1509 1682 1726 1800 1956 2167 2770 3038 3222 3411 3606 3693 
130 317 342 708 839 952 1106 2421 2721 3032 3039 3106 3128 3515 4044 4053 
532 560 702 868 1215 1502 1877 2142 2305 2467 2569 2641 3246 3494 3859 3930 
5 634 860 1105 1513 1559 1641 1777 2088 2136 2503 3247 3248 3467 3601 3622 
512 602 906 923 1013 1253 1367 1385 2105 2823 2885 3173 3230 3385 3592 3960 
87 97 452 648 769 1098 1145 1307 1644 1680 1893 2451 2784 3374 3604 3630 
191 563 601 1208 1260 1543 1679 1790 2215 2406 2652 2934 2971 3443 3795 3997 
239 671 726 1096 1140 1437 2209 2442 2452 2792 3251 3292 3338 3558 3842 4038 
73 153 175 397 556 967 1025 2096 2277 2389 2494 2664 2866 3430 3475 3675 
534 780 1029 1180 1230 1613 1668 2556 2628 2832 3280 3287 3323 3494 3644 3713 
39 408 612 696 851 998 1041 2088 2340 2396 3184 3286 3298 3763 3995 4056 
151 229 375 669 1367 1516 2120 2515 2702 3054 3137 3215 3239 3482 3859 4057 
103 789 861 1081 1115 1132 1256 1425 1633 1710 2646 3157 3173 3582 3675 4069 
590 631 1524 1548 1631 2004 2271 2458 2529 2677 2844 3261 3325 3483 3636 3991 
197 280 310 375 696 1553 1570 2827 2859 2865 2915 2919 3143 3572 3729 3809 
465 545 678 1002 1016 1354 1804 2164 2380 2657 2931 2953 3252 3419 3817 3964 
29 320 374 698 1660 1661 1824 2041 2187 2260 2394 2593 2692 3420 3862 3886 
470 611 649 829 1232 1487 1948 2286 2409 2420 2489 2804 3331 3497 3507 4003 
416 471 495 508 663 1156 1249 1323 2563 2868 2888 3025 3096 3465 3903 3983 
32 772 909 1321 1418 1516 1637 1911 2111 2475 2928 2982 3313 3766 3946 3979 
430 533 633 880 1142 1400 1779 2246 2315 2599 2733 2839 2856 3461 3773 3832 
136 140 225 833 908 1109 1176 1433 1865 2148 2400 3094 3237 3634 3635 4085 
349 754 951 1097 1227 1453 1931 2462 2894 2961 3031 3078 3125 3777 3891 3948 
311 316 709 1000 1077 1128 1914 2144 2156 2460 2492 2554 2870 3442 3787 3898 
8 166 1180 1640 1650 2565 2633 2661 2723 2834 2898 2986 3138 3489 4038 4089 
549 756 824 890 924 1004 1636 2159 2169 2268 2434 2471 2628 3370 3419 3621 
468 554 1075 1196 1208 1810 1878 2046 2179 2700 2831 2961 3277 3794 3851 3925 
389 470 555 653 717 1056 1521 1934 2459 2499 2642 2767 3077 3771 3896 3967 
23 698 1001 1318 1339 1438 1646 2079 2434 2511 2631 2902 3312 3545 3632 3961 
125 358 359 561 629 1107 1388 1849 2089 2168 2395 2676 2996 3719 3810 3996 
418 474 484 1355 1438 1609 1881 2349 2362 2726 3128 3270 3290 3715 3892 3946 
110 451 617 711 754 793 884 1169 1710 2056 2165 2596 3147 3721 3769 3902 
60 347 967 1287 1542 1767 1935 2046 2302 2335 2567 2748 3344 3480 3744 3801 
372 552 618 707 1030 1036 1042 2348 2442 2601 2610 3110 3306 3490 3509 3854 
45 106 226 599 771 1003 1074 1366 2696 2937 3049 3142 3315 3875 3893 3908 
171 216 300 579 1255 1544 1552 2298 2464 2497 2810 3246 3298 3567 3633 3838 
44 791 903 1299 1564 1580 1666 1684 2403 2432 2474 2991 3007 3572 3872 3956 
443 568 704 1050 1103 1169 1706 1990 2110 2300 2486 2487 2787 3670 3919 3971 
49 122 752 964 1071 1358 1702 1821 1933 2077 2208 3313 3352 3456 3885 4049 
195 402 696 715 781 801 994 1023 1302 1889 2947 2958 3235 3408 3667 3874 
315 458 737 882 1743 2248 2267 2379 2515 2555 2801 2806 3300 3524 3699 3787 
680 984 1101 1359 1442 1655 1795 2184 2219 2906 3051 3239 3256 3366 3591 3733 
113 136 166 173 201 356 758 1050 1962 2241 2645 2738 3122 3563 3574 3598 
91 293 343 647 966 1320 2005 2199 2472 2797 2956 3162 3240 3544 3847 3881 
236 1102 1256 1582 1772 1789 2029 2223 2241 2263 2496 2979 3324 3405 3577 3757 
119 257 284 517 656 853 976 1233 1283 2233 2815 2968 3238 3469 3692 4031 
178 605 901 1010 1070 1303 1364 1846 1857 1932 2372 2398 2556 3731 3859 4067 
472 724 731 755 1124 1557 1584 1749 2081 2173 2907 3207 3315 3403 3452 3588 
211 965 1058 1429 1434 1669 1803 1821 1867 1916 2164 2645 3276 3555 3673 4008 
729 857 953 1431 1662 1882 1997 2535 2570 2902 3029 3184 3324 3883 3986 4089 
15 588 817 910 987 1003 1212 1311 1767 2237 2463 2904 2905 3438 3470 3559 
128 509 533 1008 1018 1300 1463 1641 1683 2005 2139 2410 2940 3420 4063 4070 
30 234 514 520 801 808 1111 1701 1839 1857 2544 2868 2879 3390 3837 3839 
299 771 800 940 1192 1313 1338 1408 1942 2146 2160 2968 3156 3366 3751 3767 
224 489 1183 1628 1968 2093 2627 2754 3018 3109 3136 3144 3193 3699 3828 4089 
389 672 934 986 1420 1591 1892 2432 2527 2638 2681 2998 3111 3593 3745 3997 
58 341 575 764 1221 1620 1629 1872 2424 2726 2838 3084 3178 3523 3683 3944 
319 478 642 1031 1221 1241 1820 1832 1859 2101 2603 2640 2872 3432 3553 3901 
157 270 657 856 1723 2042 2121 2351 2853 2924 3004 3092 3327 3407 3437 3577 
21 86 211 862 1027 1659 1668 1685 1695 2183 2231 3049 3184 3478 3614 4021 
1112 1173 1490 1515 1716 1920 2013 2185 2579 3037 3120 3205 3326 3589 3829 4019 
124 247 308 699 709 711 831 1415 1787 1866 2411 2921 3290 3581 3662 3726 
424 795 959 1121 1371 1493 1810 2431 2618 2854 2912 3018 3252 3407 3709 3932 
324 533 585 879 1011 1165 1340 1385 1529 1875 1953 1985 2089 3814 3946 4072 
671 827 1177 1244 1983 2331 2429 2578 2778 2854 3010 3145 3275 3490 3644 3834 
701 766 784 852 1608 1685 1937 2087 2127 2545 2675 2739 2750 3479 3695 3995 
32 181 236 741 1092 1243 1606 1813 2323 2407 2751 2814 3290 3500 3514 4011 
222 690 1372 1510 2033 2220 2271 2876 2887 2974 3076 3078 3187 3383 3733 3992 
543 705 1009 1375 1393 1473 1568 1614 1961 2739 2938 3074 3093 3529 3601 3705 
27 37 204 669 808 943 971 1981 2065 2301 2935 3163 3334 3471 3662 3760 
134 215 1170 1298 1442 1582 1705 2034 2680 2779 2864 3009 3120 3712 3727 3891 
340 466 669 720 1278 1551 1702 2255 2362 2548 2634 3057 3199 3364 3434 3795 
108 325 889 1042 1201 1272 1340 1403 1489 1593 2214 3282 3355 3599 3646 3969 
208 220 512 522 1093 1275 1364 1407 1602 1652 1675 2320 2526 3778 3977 4060 
156 410 461 705 1497 1674 2186 2326 2444 2502 2649 2702 3222 3779 3784 3869 
109 341 543 556 772 1014 1092 1194 1800 1908 2375 2768 2852 3599 3687 4016 
103 565 733 737 774 1125 1356 2191 2523 2587 2615 2648 2847 3373 3578 3662 
1008 1117 1192 1689 1897 2121 2174 2207 2408 2607 2762 3163 3183 3377 3680 3877 
80 336 381 518 578 865 911 1239 1468 1594 2015 2115 2798 3735 3759 4029 
6 127 195 466 738 878 1015 1226 1390 2114 2213 2393 2456 3554 3771 3924 
276 716 959 1062 1154 1156 1339 1531 1883 1889 2170 2813 3334 3364 3673 4004 
172 262 458 592 895 1072 1202 1590 2026 2164 2308 2775 3354 3785 3985 4087 
101 1055 1075 1100 1546 1688 1842 2041 2064 2609 2650 2676 3168 3739 3845 4077 
368 389 668 862 949 1114 1211 1500 1700 1753 2498 2855 3101 3457 3485 3921 
233 421 775 1160 1264 1460 1861 2844 3006 3062 3187 3209 3264 3360 3701 4011 
644 767 1061 1362 1418 1426 1970 2257 2794 2806 3060 3182 3278 3534 3791 3957 
79 90 798 1168 1177 1219 1273 1401 1876 2549 3081 3264 3284 3514 3867 3869 
9 132 282 390 1483 1517 1535 1921 2275 2546 2697 2942 3146 3441 3470 4055 
112 156 546 894 977 1126 1214 1315 1575 1619 2247 2613 3182 3441 3827 4058 
105 496 509 753 945 1063 1818 2050 2292 2790 2805 3152 3342 3396 3429 3679 
112 418 981 1203 1524 1788 2122 2534 3013 3110 3201 3221 3348 3650 3886 3926 
256 426 473 679 1071 1254 1677 1744 2068 2434 2619 2647 2729 3746 3813 3836 
111 158 562 797 1179 1303 1792 2014 2275 2476 2496 2771 3093 3801 3911 3996 
102 264 464 496 517 711 1633 1720 1878 1986 2657 2721 2995 3550 3785 3827 
199 491 632 1387 1400 1762 2346 2662 3145 3177 3207 3208 3218 3380 3447 3909 
176 492 816 1309 1533 2129 2216 2357 2543 2562 3154 3273 3340 3390 3570 3879 
148 1133 1287 1316 1354 1371 1621 1771 1988 2036 2187 2804 3262 3976 4021 4050 
288 323 816 920 1211 1450 1598 2203 2258 2331 2761 2791 2982 3476 3952 4076 
122 261 691 825 907 1256 1487 1672 2070 2226 2960 3076 3115 3455 4005 4085 
20 226 450 535 1185 1213 1391 2074 2078 2169 2340 2721 2936 3442 3800 3994 
349 577 933 1250 1259 1581 1650 1725 2319 2340 2626 3025 3070 3415 3615 3650 
614 915 1202 1437 1701 2383 2679 2795 2826 2855 3008 3105 3210 3503 3931 3964 
106 117 919 1007 1053 1085 1169 1491 1506 1991 2581 2840 3030 3428 3834 3848 
70 388 511 763 903 1200 1474 1538 1911 2064 2853 2883 3265 3629 3889 3951 
161 354 516 555 853 970 988 1549 1701 1860 2465 2521 3033 3538 3914 4049 
228 617 871 1148 1221 1322 1903 2083 2567 2617 2749 3020 3088 3584 3682 3847 
138 304 373 572 694 703 750 1378 1729 1809 2306 2662 2955 3776 3815 3973 
200 447 742 1118 1225 1548 1772 1865 2168 2356 2389 2713 2764 3917 4014 4073 
27 163 174 222 1347 1352 1396 1649 2034 2330 2481 2712 3271 3635 3642 3731 
17 107 333 394 914 1312 1959 2485 2613 2928 3105 3152 3166 3737 3825 4036 
128 568 850 939 1117 1618 1619 1637 1781 1789 2078 2201 2580 3443 3789 4026 
348 497 675 773 876 929 1600 1949 2212 2227 2234 2679 3191 3366 3481 3613 
50 81 334 388 518 984 1113 1478 1798 2123 2216 2673 3098 3466 3666 3896 
364 1566 1787 1890 2009 2284 2504 2522 2531 2625 2693 3195 3235 3655 3935 4073 
83 273 775 971 1206 1242 2003 2266 2482 2704 2762 3135 3291 3410 3518 3873 
271 294 319 475 758 868 1224 1346 1372 1905 2091 2108 2917 3910 3933 4065 
19 434 473 594 614 842 1107 1137 1377 1729 2096 2571 2731 3397 3679 3848 
687 704 1018 1111 1388 1434 1514 1539 1546 1859 2303 3228 3270 3457 3743 3834 
48 205 255 401 1541 1890 2229 2359 2507 2574 2781 3185 3243 3409 3625 3861 
86 98 164 355 510 1088 1522 1535 2007 2009 2391 2923 3329 3430 3649 3755 
207 288 459 577 1652 1801 2013 2014 2500 2623 2751 2848 3131 3418 3434 4078 
144 856 889 953 1053 1751 1768 1808 2144 2729 3018 3125 3191 3517 3686 3819 
148 235 482 634 690 1659 1983 2120 2149 2441 2473 2534 2583 3604 3667 3677 
180 396 422 724 1099 1158 1205 1253 1348 1517 1959 2251 2957 3564 3672 3956 
33 225 301 477 938 980 1451 1565 1694 2598 2995 3104 3107 3692 3927 3929 
474 565 609 718 1081 1184 1486 2094 2530 2765 2942 3188 3236 3397 3528 4025 
284 494 925 990 1267 1511 1671 1877 2188 2518 2796 3005 3140 3398 3418 3752 
55 341 619 621 1188 1560 1767 2069 2614 2689 3013 3180 3320 3439 3858 4029 
346 489 567 930 1129 1328 1867 2025 2379 2616 2778 3295 3328 3417 3657 3718 
288 657 1166 1246 1348 1379 1520 1648 2172 2578 2918 3022 3151 3560 3874 3982 
252 576 978 1506 1808 1869 2497 2577 2835 3002 3071 3233 3259 3689 3717 4022 
88 1068 1436 1757 1901 1955 1995 2135 2211 2608 2723 2812 2826 3367 3678 3870 
281 345 1012 1403 1409 1531 1621 1979 2406 2520 2629 2946 3234 3409 3745 4058 
227 351 364 559 718 752 899 1242 1396 2656 3080 3094 3202 3999 4022 4047 
65 712 1423 1830 1851 2019 2131 2312 2358 2426 2649 3283 3296 3562 3907 3951 
219 637 661 740 750 815 1723 2072 2460 2619 2699 3171 3352 3739 3916 3918 
51 122 176 215 534 883 2239 2261 2283 2339 2671 2887 3035 3365 3822 3941 
169 982 1133 1304 1425 2212 2241 2260 2433 2588 2680 3129 3158 3394 3864 4068 
34 79 558 730 974 1904 1934 2081 2384 2670 2864 3208 3283 3389 3795 3890 
314 351 1001 1017 1171 1500 1985 2143 2240 2269 3223 3336 3345 3502 3975 4034 
741 1410 1534 1780 2360 2512 2527 2550 2950 2966 2985 3165 3188 3406 3520 3543 
76 191 531 642 1270 1274 1493 1850 1885 2681 2688 2800 3084 3363 3724 4005 
47 261 390 519 540 775 1378 1429 1505 1638 1765 1782 2342 3416 3730 4007 
125 415 963 1007 1141 1162 1222 1538 1604 2257 2304 2592 2993 3396 3423 3646 
372 479 852 900 1062 1350 1609 1988 2282 2595 2958 3000 3019 3454 3761 3958 
566 1563 1647 1895 1922 1927 2250 2273 2307 2532 2557 2677 3023 3454 3473 3531 
238 592 891 1481 1643 1732 1973 2371 2461 2700 2759 2784 2796 3696 3842 3949 
223 248 326 641 937 1240 1710 2209 2224 2267 2314 2769 3030 3545 3732 3820 
641 859 1004 1330 1441 2117 2295 2552 2560 2684 2863 3015 3343 3632 3704 3962 
183 794 1130 1570 1734 1979 2022 2429 2528 2805 2828 2871 2958 3484 3738 3803 
160 336 947 1305 1482 1562 1687 1745 1819 1868 2131 2186 2331 3402 3525 3856 
387 590 664 1494 1622 2003 2125 2143 2368 2480 2585 2879 3001 3698 3962 4045 
64 253 1481 1519 1661 1679 2132 2197 2526 2641 2673 2829 2931 3448 3700 3818 
46 109 189 398 1254 1532 1620 2110 2228 2355 2935 3175 3214 3408 3807 4053 
835 992 995 1091 1628 1846 2091 2262 2402 2408 2477 3139 3236 3468 3540 3841 
440 567 658 763 1590 1768 1845 2018 2193 2255 2347 2957 3347 3605 3900 4026 
21 1059 1220 1385 1730 2039 2353 2492 2981 2990 3088 3278 3341 3579 3712 3728 
757 798 1369 1765 1772 2033 2051 2098 2714 2830 2837 3048 3316 3576 3637 3779 
25 312 830 1189 1321 1739 1809 1902 1946 2396 2690 2703 3191 3429 3989 4051 
200 405 610 799 934 1423 1657 1823 1945 1992 2062 2073 2122 3757 3796 3982 
143 162 692 1028 1206 1610 1719 2027 2189 2741 2841 3102 3334 3484 3685 3881 
571 640 1054 1109 1523 1965 2031 2261 2621 2686 2754 3046 3082 3654 3912 4094 
353 500 566 1165 1362 1498 1863 2002 2082 2246 2375 3099 3342 3486 3614 3820 
205 342 548 569 846 1376 1392 1401 1654 1712 1966 2593 2730 3452 3474 3666 
59 145 488 1245 1413 1998 2099 2743 2744 2941 2973 3113 3273 3450 3503 3549 
88 281 413 902 1044 1537 2087 2484 2493 2746 2985 3158 3185 3481 3729 4076 
121 187 896 1032 1282 1336 1359 1501 1861 2329 2335 2489 2903 3505 3728 3816 
147 384 791 1053 1144 1290 1332 2587 2802 2983 3023 3219 3325 3488 3524 3605 
28 960 1136 1526 1547 1600 1774 1892 1910 1944 1978 2005 2595 3435 3890 4011 
383 410 1601 1622 1839 1898 1980 2244 2332 2913 3009 3205 3276 3440 3741 3925 
635 896 1444 1573 1649 1696 1805 1919 2612 2660 2774 2837 2875 3680 3905 4006 
188 318 385 727 928 943 1067 1362 1400 1550 2955 3053 3061 3426 3658 3682 
38 586 787 1252 1374 1616 1851 1949 2089 2254 2399 2735 2963 3768 3930 4021 
608 930 1199 1217 1535 1835 1984 2055 2090 2392 2601 2740 3255 3579 3721 4091 
129 461 509 552 1076 1216 1279 1311 2363 2376 2860 2946 3036 3884 3889 4004 
