1866 4304 4558 
1867 4305 4559 
1868 4306 4560 
1869 4307 4561 
1870 4308 4562 
1871 4309 4563 
1872 4310 4401 
1873 4311 4402 
1874 4312 4403 
1875 4313 4404 
1876 4314 4405 
1877 4315 4406 
1878 4316 4407 
1879 4317 4408 
1880 4318 4409 
1881 4319 4410 
1882 4320 4411 
1883 4321 4412 
1884 4322 4413 
1885 4323 4414 
1886 4324 4415 
1887 4325 4416 
1888 4326 4417 
1889 4327 4418 
1890 4328 4419 
1891 4329 4420 
1892 4330 4421 
1893 4331 4422 
1894 4332 4423 
1895 4333 4424 
1896 4334 4425 
1897 4335 4426 
1898 4336 4427 
1899 4337 4428 
1900 4338 4429 
1901 4339 4430 
1902 4340 4431 
1903 4341 4432 
1904 4342 4433 
1905 4343 4434 
1906 4344 4435 
1907 4345 4436 
1908 4346 4437 
1909 4347 4438 
1910 4348 4439 
1911 4349 4440 
1912 4350 4441 
1913 4351 4442 
1914 4352 4443 
1915 4353 4444 
1916 4354 4445 
1917 4355 4446 
1918 4356 4447 
1919 4357 4448 
1920 4358 4449 
1921 4359 4450 
1922 4360 4451 
1923 4361 4452 
1924 4362 4453 
1925 4363 4454 
1926 4364 4455 
1927 4365 4456 
1928 4366 4457 
1929 4367 4458 
1930 4368 4459 
1931 4369 4460 
1932 4370 4461 
1933 4371 4462 
1934 4372 4463 
1935 4373 4464 
1936 4374 4465 
1937 4375 4466 
1938 4376 4467 
1939 4377 4468 
1940 4378 4469 
1941 4379 4470 
1942 4380 4471 
1943 4381 4472 
1944 4382 4473 
1945 4383 4474 
1946 4384 4475 
1947 4385 4476 
1948 4386 4477 
1949 4387 4478 
1950 4388 4479 
1951 4389 4480 
1952 4390 4481 
1953 4391 4482 
1954 4392 4483 
1955 4393 4484 
1793 4394 4485 
1794 4395 4486 
1795 4396 4487 
1796 4397 4488 
1797 4398 4489 
1798 4399 4490 
1799 4400 4491 
1800 4238 4492 
1801 4239 4493 
1802 4240 4494 
1803 4241 4495 
1804 4242 4496 
1805 4243 4497 
1806 4244 4498 
1807 4245 4499 
1808 4246 4500 
1809 4247 4501 
1810 4248 4502 
1811 4249 4503 
1812 4250 4504 
1813 4251 4505 
1814 4252 4506 
1815 4253 4507 
1816 4254 4508 
1817 4255 4509 
1818 4256 4510 
1819 4257 4511 
1820 4258 4512 
1821 4259 4513 
1822 4260 4514 
1823 4261 4515 
1824 4262 4516 
1825 4263 4517 
1826 4264 4518 
1827 4265 4519 
1828 4266 4520 
1829 4267 4521 
1830 4268 4522 
1831 4269 4523 
1832 4270 4524 
1833 4271 4525 
1834 4272 4526 
1835 4273 4527 
1836 4274 4528 
1837 4275 4529 
1838 4276 4530 
1839 4277 4531 
1840 4278 4532 
1841 4279 4533 
1842 4280 4534 
1843 4281 4535 
1844 4282 4536 
1845 4283 4537 
1846 4284 4538 
1847 4285 4539 
1848 4286 4540 
1849 4287 4541 
1850 4288 4542 
1851 4289 4543 
1852 4290 4544 
1853 4291 4545 
1854 4292 4546 
1855 4293 4547 
1856 4294 4548 
1857 4295 4549 
1858 4296 4550 
1859 4297 4551 
1860 4298 4552 
1861 4299 4553 
1862 4300 4554 
1863 4301 4555 
1864 4302 4556 
1865 4303 4557 
1395 3993 4480 
1396 3994 4481 
1397 3995 4482 
1398 3996 4483 
1399 3997 4484 
1400 3998 4485 
1401 3999 4486 
1402 4000 4487 
1403 4001 4488 
1404 4002 4489 
1405 4003 4490 
1406 4004 4491 
1407 4005 4492 
1408 4006 4493 
1409 4007 4494 
1410 4008 4495 
1411 4009 4496 
1412 4010 4497 
1413 4011 4498 
1414 4012 4499 
1415 4013 4500 
1416 4014 4501 
1417 4015 4502 
1418 4016 4503 
1419 4017 4504 
1420 4018 4505 
1421 4019 4506 
1422 4020 4507 
1423 4021 4508 
1424 4022 4509 
1425 4023 4510 
1426 4024 4511 
1427 4025 4512 
1428 4026 4513 
1429 4027 4514 
1430 4028 4515 
1431 4029 4516 
1432 4030 4517 
1433 4031 4518 
1434 4032 4519 
1435 4033 4520 
1436 4034 4521 
1437 4035 4522 
1438 4036 4523 
1439 4037 4524 
1440 4038 4525 
1441 4039 4526 
1442 4040 4527 
1443 4041 4528 
1444 4042 4529 
1445 4043 4530 
1446 4044 4531 
1447 4045 4532 
1448 4046 4533 
1449 4047 4534 
1450 4048 4535 
1451 4049 4536 
1452 4050 4537 
1453 4051 4538 
1454 4052 4539 
1455 4053 4540 
1456 4054 4541 
1457 4055 4542 
1458 4056 4543 
1459 4057 4544 
1460 4058 4545 
1461 4059 4546 
1462 4060 4547 
1463 4061 4548 
1464 4062 4549 
1465 4063 4550 
1466 4064 4551 
1304 4065 4552 
1305 4066 4553 
1306 4067 4554 
1307 4068 4555 
1308 4069 4556 
1309 4070 4557 
1310 4071 4558 
1311 4072 4559 
1312 4073 4560 
1313 4074 4561 
1314 3912 4562 
1315 3913 4563 
1316 3914 4401 
1317 3915 4402 
1318 3916 4403 
1319 3917 4404 
1320 3918 4405 
1321 3919 4406 
1322 3920 4407 
1323 3921 4408 
1324 3922 4409 
1325 3923 4410 
1326 3924 4411 
1327 3925 4412 
1328 3926 4413 
1329 3927 4414 
1330 3928 4415 
1331 3929 4416 
1332 3930 4417 
1333 3931 4418 
1334 3932 4419 
1335 3933 4420 
1336 3934 4421 
1337 3935 4422 
1338 3936 4423 
1339 3937 4424 
1340 3938 4425 
1341 3939 4426 
1342 3940 4427 
1343 3941 4428 
1344 3942 4429 
1345 3943 4430 
1346 3944 4431 
1347 3945 4432 
1348 3946 4433 
1349 3947 4434 
1350 3948 4435 
1351 3949 4436 
1352 3950 4437 
1353 3951 4438 
1354 3952 4439 
1355 3953 4440 
1356 3954 4441 
1357 3955 4442 
1358 3956 4443 
1359 3957 4444 
1360 3958 4445 
1361 3959 4446 
1362 3960 4447 
1363 3961 4448 
1364 3962 4449 
1365 3963 4450 
1366 3964 4451 
1367 3965 4452 
1368 3966 4453 
1369 3967 4454 
1370 3968 4455 
1371 3969 4456 
1372 3970 4457 
1373 3971 4458 
1374 3972 4459 
1375 3973 4460 
1376 3974 4461 
1377 3975 4462 
1378 3976 4463 
1379 3977 4464 
1380 3978 4465 
1381 3979 4466 
1382 3980 4467 
1383 3981 4468 
1384 3982 4469 
1385 3983 4470 
1386 3984 4471 
1387 3985 4472 
1388 3986 4473 
1389 3987 4474 
1390 3988 4475 
1391 3989 4476 
1392 3990 4477 
1393 3991 4478 
1394 3992 4479 
1501 3997 4151 
1502 3998 4152 
1503 3999 4153 
1504 4000 4154 
1505 4001 4155 
1506 4002 4156 
1507 4003 4157 
1508 4004 4158 
1509 4005 4159 
1510 4006 4160 
1511 4007 4161 
1512 4008 4162 
1513 4009 4163 
1514 4010 4164 
1515 4011 4165 
1516 4012 4166 
1517 4013 4167 
1518 4014 4168 
1519 4015 4169 
1520 4016 4170 
1521 4017 4171 
1522 4018 4172 
1523 4019 4173 
1524 4020 4174 
1525 4021 4175 
1526 4022 4176 
1527 4023 4177 
1528 4024 4178 
1529 4025 4179 
1530 4026 4180 
1531 4027 4181 
1532 4028 4182 
1533 4029 4183 
1534 4030 4184 
1535 4031 4185 
1536 4032 4186 
1537 4033 4187 
1538 4034 4188 
1539 4035 4189 
1540 4036 4190 
1541 4037 4191 
1542 4038 4192 
1543 4039 4193 
1544 4040 4194 
1545 4041 4195 
1546 4042 4196 
1547 4043 4197 
1548 4044 4198 
1549 4045 4199 
1550 4046 4200 
1551 4047 4201 
1552 4048 4202 
1553 4049 4203 
1554 4050 4204 
1555 4051 4205 
1556 4052 4206 
1557 4053 4207 
1558 4054 4208 
1559 4055 4209 
1560 4056 4210 
1561 4057 4211 
1562 4058 4212 
1563 4059 4213 
1564 4060 4214 
1565 4061 4215 
1566 4062 4216 
1567 4063 4217 
1568 4064 4218 
1569 4065 4219 
1570 4066 4220 
1571 4067 4221 
1572 4068 4222 
1573 4069 4223 
1574 4070 4224 
1575 4071 4225 
1576 4072 4226 
1577 4073 4227 
1578 4074 4228 
1579 3912 4229 
1580 3913 4230 
1581 3914 4231 
1582 3915 4232 
1583 3916 4233 
1584 3917 4234 
1585 3918 4235 
1586 3919 4236 
1587 3920 4237 
1588 3921 4075 
1589 3922 4076 
1590 3923 4077 
1591 3924 4078 
1592 3925 4079 
1593 3926 4080 
1594 3927 4081 
1595 3928 4082 
1596 3929 4083 
1597 3930 4084 
1598 3931 4085 
1599 3932 4086 
1600 3933 4087 
1601 3934 4088 
1602 3935 4089 
1603 3936 4090 
1604 3937 4091 
1605 3938 4092 
1606 3939 4093 
1607 3940 4094 
1608 3941 4095 
1609 3942 4096 
1610 3943 4097 
1611 3944 4098 
1612 3945 4099 
1613 3946 4100 
1614 3947 4101 
1615 3948 4102 
1616 3949 4103 
1617 3950 4104 
1618 3951 4105 
1619 3952 4106 
1620 3953 4107 
1621 3954 4108 
1622 3955 4109 
1623 3956 4110 
1624 3957 4111 
1625 3958 4112 
1626 3959 4113 
1627 3960 4114 
1628 3961 4115 
1629 3962 4116 
1467 3963 4117 
1468 3964 4118 
1469 3965 4119 
1470 3966 4120 
1471 3967 4121 
1472 3968 4122 
1473 3969 4123 
1474 3970 4124 
1475 3971 4125 
1476 3972 4126 
1477 3973 4127 
1478 3974 4128 
1479 3975 4129 
1480 3976 4130 
1481 3977 4131 
1482 3978 4132 
1483 3979 4133 
1484 3980 4134 
1485 3981 4135 
1486 3982 4136 
1487 3983 4137 
1488 3984 4138 
1489 3985 4139 
1490 3986 4140 
1491 3987 4141 
1492 3988 4142 
1493 3989 4143 
1494 3990 4144 
1495 3991 4145 
1496 3992 4146 
1497 3993 4147 
1498 3994 4148 
1499 3995 4149 
1500 3996 4150 
1639 4081 4316 
1640 4082 4317 
1641 4083 4318 
1642 4084 4319 
1643 4085 4320 
1644 4086 4321 
1645 4087 4322 
1646 4088 4323 
1647 4089 4324 
1648 4090 4325 
1649 4091 4326 
1650 4092 4327 
1651 4093 4328 
1652 4094 4329 
1653 4095 4330 
1654 4096 4331 
1655 4097 4332 
1656 4098 4333 
1657 4099 4334 
1658 4100 4335 
1659 4101 4336 
1660 4102 4337 
1661 4103 4338 
1662 4104 4339 
1663 4105 4340 
1664 4106 4341 
1665 4107 4342 
1666 4108 4343 
1667 4109 4344 
1668 4110 4345 
1669 4111 4346 
1670 4112 4347 
1671 4113 4348 
1672 4114 4349 
1673 4115 4350 
1674 4116 4351 
1675 4117 4352 
1676 4118 4353 
1677 4119 4354 
1678 4120 4355 
1679 4121 4356 
1680 4122 4357 
1681 4123 4358 
1682 4124 4359 
1683 4125 4360 
1684 4126 4361 
1685 4127 4362 
1686 4128 4363 
1687 4129 4364 
1688 4130 4365 
1689 4131 4366 
1690 4132 4367 
1691 4133 4368 
1692 4134 4369 
1693 4135 4370 
1694 4136 4371 
1695 4137 4372 
1696 4138 4373 
1697 4139 4374 
1698 4140 4375 
1699 4141 4376 
1700 4142 4377 
1701 4143 4378 
1702 4144 4379 
1703 4145 4380 
1704 4146 4381 
1705 4147 4382 
1706 4148 4383 
1707 4149 4384 
1708 4150 4385 
1709 4151 4386 
1710 4152 4387 
1711 4153 4388 
1712 4154 4389 
1713 4155 4390 
1714 4156 4391 
1715 4157 4392 
1716 4158 4393 
1717 4159 4394 
1718 4160 4395 
1719 4161 4396 
1720 4162 4397 
1721 4163 4398 
1722 4164 4399 
1723 4165 4400 
1724 4166 4238 
1725 4167 4239 
1726 4168 4240 
1727 4169 4241 
1728 4170 4242 
1729 4171 4243 
1730 4172 4244 
1731 4173 4245 
1732 4174 4246 
1733 4175 4247 
1734 4176 4248 
1735 4177 4249 
1736 4178 4250 
1737 4179 4251 
1738 4180 4252 
1739 4181 4253 
1740 4182 4254 
1741 4183 4255 
1742 4184 4256 
1743 4185 4257 
1744 4186 4258 
1745 4187 4259 
1746 4188 4260 
1747 4189 4261 
1748 4190 4262 
1749 4191 4263 
1750 4192 4264 
1751 4193 4265 
1752 4194 4266 
1753 4195 4267 
1754 4196 4268 
1755 4197 4269 
1756 4198 4270 
1757 4199 4271 
1758 4200 4272 
1759 4201 4273 
1760 4202 4274 
1761 4203 4275 
1762 4204 4276 
1763 4205 4277 
1764 4206 4278 
1765 4207 4279 
1766 4208 4280 
1767 4209 4281 
1768 4210 4282 
1769 4211 4283 
1770 4212 4284 
1771 4213 4285 
1772 4214 4286 
1773 4215 4287 
1774 4216 4288 
1775 4217 4289 
1776 4218 4290 
1777 4219 4291 
1778 4220 4292 
1779 4221 4293 
1780 4222 4294 
1781 4223 4295 
1782 4224 4296 
1783 4225 4297 
1784 4226 4298 
1785 4227 4299 
1786 4228 4300 
1787 4229 4301 
1788 4230 4302 
1789 4231 4303 
1790 4232 4304 
1791 4233 4305 
1792 4234 4306 
1630 4235 4307 
1631 4236 4308 
1632 4237 4309 
1633 4075 4310 
1634 4076 4311 
1635 4077 4312 
1636 4078 4313 
1637 4079 4314 
1638 4080 4315 
2127 3016 4138 4513 
2128 3017 4139 4514 
2129 3018 4140 4515 
2130 3019 4141 4516 
2131 3020 4142 4517 
2132 3021 4143 4518 
2133 3022 4144 4519 
2134 3023 4145 4520 
2135 3024 4146 4521 
2136 3025 4147 4522 
2137 3026 4148 4523 
2138 3027 4149 4524 
2139 3028 4150 4525 
2140 3029 4151 4526 
2141 3030 4152 4527 
2142 3031 4153 4528 
2143 3032 4154 4529 
2144 3033 4155 4530 
2145 3034 4156 4531 
2146 3035 4157 4532 
2147 3036 4158 4533 
2148 3037 4159 4534 
2149 3038 4160 4535 
2150 3039 4161 4536 
2151 3040 4162 4537 
2152 3041 4163 4538 
2153 3042 4164 4539 
2154 3043 4165 4540 
2155 3044 4166 4541 
2156 3045 4167 4542 
2157 3046 4168 4543 
2158 3047 4169 4544 
2159 3048 4170 4545 
2160 3049 4171 4546 
2161 3050 4172 4547 
2162 3051 4173 4548 
2163 3052 4174 4549 
2164 3053 4175 4550 
2165 3054 4176 4551 
2166 3055 4177 4552 
2167 3056 4178 4553 
2168 3057 4179 4554 
2169 3058 4180 4555 
2170 3059 4181 4556 
2171 3060 4182 4557 
2172 3061 4183 4558 
2173 3062 4184 4559 
2174 3063 4185 4560 
2175 3064 4186 4561 
2176 3065 4187 4562 
2177 3066 4188 4563 
2178 3067 4189 4401 
2179 3068 4190 4402 
2180 3069 4191 4403 
2181 3070 4192 4404 
2182 3071 4193 4405 
2183 3072 4194 4406 
2184 3073 4195 4407 
2185 3074 4196 4408 
2186 3075 4197 4409 
2187 3076 4198 4410 
2188 3077 4199 4411 
2189 3078 4200 4412 
2190 3079 4201 4413 
2191 3080 4202 4414 
2192 3081 4203 4415 
2193 3082 4204 4416 
2194 3083 4205 4417 
2195 3084 4206 4418 
2196 3085 4207 4419 
2197 3086 4208 4420 
2198 3087 4209 4421 
2199 3088 4210 4422 
2200 3089 4211 4423 
2201 3090 4212 4424 
2202 3091 4213 4425 
2203 3092 4214 4426 
2204 3093 4215 4427 
2205 3094 4216 4428 
2206 3095 4217 4429 
2207 3096 4218 4430 
2208 2934 4219 4431 
2209 2935 4220 4432 
2210 2936 4221 4433 
2211 2937 4222 4434 
2212 2938 4223 4435 
2213 2939 4224 4436 
2214 2940 4225 4437 
2215 2941 4226 4438 
2216 2942 4227 4439 
2217 2943 4228 4440 
2218 2944 4229 4441 
2219 2945 4230 4442 
2220 2946 4231 4443 
2221 2947 4232 4444 
2222 2948 4233 4445 
2223 2949 4234 4446 
2224 2950 4235 4447 
2225 2951 4236 4448 
2226 2952 4237 4449 
2227 2953 4075 4450 
2228 2954 4076 4451 
2229 2955 4077 4452 
2230 2956 4078 4453 
2231 2957 4079 4454 
2232 2958 4080 4455 
2233 2959 4081 4456 
2234 2960 4082 4457 
2235 2961 4083 4458 
2236 2962 4084 4459 
2237 2963 4085 4460 
2238 2964 4086 4461 
2239 2965 4087 4462 
2240 2966 4088 4463 
2241 2967 4089 4464 
2242 2968 4090 4465 
2243 2969 4091 4466 
2244 2970 4092 4467 
2245 2971 4093 4468 
2246 2972 4094 4469 
2247 2973 4095 4470 
2248 2974 4096 4471 
2249 2975 4097 4472 
2250 2976 4098 4473 
2251 2977 4099 4474 
2252 2978 4100 4475 
2253 2979 4101 4476 
2254 2980 4102 4477 
2255 2981 4103 4478 
2256 2982 4104 4479 
2257 2983 4105 4480 
2258 2984 4106 4481 
2259 2985 4107 4482 
2260 2986 4108 4483 
2261 2987 4109 4484 
2262 2988 4110 4485 
2263 2989 4111 4486 
2264 2990 4112 4487 
2265 2991 4113 4488 
2266 2992 4114 4489 
2267 2993 4115 4490 
2268 2994 4116 4491 
2269 2995 4117 4492 
2270 2996 4118 4493 
2271 2997 4119 4494 
2272 2998 4120 4495 
2273 2999 4121 4496 
2274 3000 4122 4497 
2275 3001 4123 4498 
2276 3002 4124 4499 
2277 3003 4125 4500 
2278 3004 4126 4501 
2279 3005 4127 4502 
2280 3006 4128 4503 
2281 3007 4129 4504 
2119 3008 4130 4505 
2120 3009 4131 4506 
2121 3010 4132 4507 
2122 3011 4133 4508 
2123 3012 4134 4509 
2124 3013 4135 4510 
2125 3014 4136 4511 
2126 3015 4137 4512 
2408 3134 3968 4314 
2409 3135 3969 4315 
2410 3136 3970 4316 
2411 3137 3971 4317 
2412 3138 3972 4318 
2413 3139 3973 4319 
2414 3140 3974 4320 
2415 3141 3975 4321 
2416 3142 3976 4322 
2417 3143 3977 4323 
2418 3144 3978 4324 
2419 3145 3979 4325 
2420 3146 3980 4326 
2421 3147 3981 4327 
2422 3148 3982 4328 
2423 3149 3983 4329 
2424 3150 3984 4330 
2425 3151 3985 4331 
2426 3152 3986 4332 
2427 3153 3987 4333 
2428 3154 3988 4334 
2429 3155 3989 4335 
2430 3156 3990 4336 
2431 3157 3991 4337 
2432 3158 3992 4338 
2433 3159 3993 4339 
2434 3160 3994 4340 
2435 3161 3995 4341 
2436 3162 3996 4342 
2437 3163 3997 4343 
2438 3164 3998 4344 
2439 3165 3999 4345 
2440 3166 4000 4346 
2441 3167 4001 4347 
2442 3168 4002 4348 
2443 3169 4003 4349 
2444 3170 4004 4350 
2282 3171 4005 4351 
2283 3172 4006 4352 
2284 3173 4007 4353 
2285 3174 4008 4354 
2286 3175 4009 4355 
2287 3176 4010 4356 
2288 3177 4011 4357 
2289 3178 4012 4358 
2290 3179 4013 4359 
2291 3180 4014 4360 
2292 3181 4015 4361 
2293 3182 4016 4362 
2294 3183 4017 4363 
2295 3184 4018 4364 
2296 3185 4019 4365 
2297 3186 4020 4366 
2298 3187 4021 4367 
2299 3188 4022 4368 
2300 3189 4023 4369 
2301 3190 4024 4370 
2302 3191 4025 4371 
2303 3192 4026 4372 
2304 3193 4027 4373 
2305 3194 4028 4374 
2306 3195 4029 4375 
2307 3196 4030 4376 
2308 3197 4031 4377 
2309 3198 4032 4378 
2310 3199 4033 4379 
2311 3200 4034 4380 
2312 3201 4035 4381 
2313 3202 4036 4382 
2314 3203 4037 4383 
2315 3204 4038 4384 
2316 3205 4039 4385 
2317 3206 4040 4386 
2318 3207 4041 4387 
2319 3208 4042 4388 
2320 3209 4043 4389 
2321 3210 4044 4390 
2322 3211 4045 4391 
2323 3212 4046 4392 
2324 3213 4047 4393 
2325 3214 4048 4394 
2326 3215 4049 4395 
2327 3216 4050 4396 
2328 3217 4051 4397 
2329 3218 4052 4398 
2330 3219 4053 4399 
2331 3220 4054 4400 
2332 3221 4055 4238 
2333 3222 4056 4239 
2334 3223 4057 4240 
2335 3224 4058 4241 
2336 3225 4059 4242 
2337 3226 4060 4243 
2338 3227 4061 4244 
2339 3228 4062 4245 
2340 3229 4063 4246 
2341 3230 4064 4247 
2342 3231 4065 4248 
2343 3232 4066 4249 
2344 3233 4067 4250 
2345 3234 4068 4251 
2346 3235 4069 4252 
2347 3236 4070 4253 
2348 3237 4071 4254 
2349 3238 4072 4255 
2350 3239 4073 4256 
2351 3240 4074 4257 
2352 3241 3912 4258 
2353 3242 3913 4259 
2354 3243 3914 4260 
2355 3244 3915 4261 
2356 3245 3916 4262 
2357 3246 3917 4263 
2358 3247 3918 4264 
2359 3248 3919 4265 
2360 3249 3920 4266 
2361 3250 3921 4267 
2362 3251 3922 4268 
2363 3252 3923 4269 
2364 3253 3924 4270 
2365 3254 3925 4271 
2366 3255 3926 4272 
2367 3256 3927 4273 
2368 3257 3928 4274 
2369 3258 3929 4275 
2370 3259 3930 4276 
2371 3097 3931 4277 
2372 3098 3932 4278 
2373 3099 3933 4279 
2374 3100 3934 4280 
2375 3101 3935 4281 
2376 3102 3936 4282 
2377 3103 3937 4283 
2378 3104 3938 4284 
2379 3105 3939 4285 
2380 3106 3940 4286 
2381 3107 3941 4287 
2382 3108 3942 4288 
2383 3109 3943 4289 
2384 3110 3944 4290 
2385 3111 3945 4291 
2386 3112 3946 4292 
2387 3113 3947 4293 
2388 3114 3948 4294 
2389 3115 3949 4295 
2390 3116 3950 4296 
2391 3117 3951 4297 
2392 3118 3952 4298 
2393 3119 3953 4299 
2394 3120 3954 4300 
2395 3121 3955 4301 
2396 3122 3956 4302 
2397 3123 3957 4303 
2398 3124 3958 4304 
2399 3125 3959 4305 
2400 3126 3960 4306 
2401 3127 3961 4307 
2402 3128 3962 4308 
2403 3129 3963 4309 
2404 3130 3964 4310 
2405 3131 3965 4311 
2406 3132 3966 4312 
2407 3133 3967 4313 
2530 2633 4189 4505 
2531 2634 4190 4506 
2532 2635 4191 4507 
2533 2636 4192 4508 
2534 2637 4193 4509 
2535 2638 4194 4510 
2536 2639 4195 4511 
2537 2640 4196 4512 
2538 2641 4197 4513 
2539 2642 4198 4514 
2540 2643 4199 4515 
2541 2644 4200 4516 
2542 2645 4201 4517 
2543 2646 4202 4518 
2544 2647 4203 4519 
2545 2648 4204 4520 
2546 2649 4205 4521 
2547 2650 4206 4522 
2548 2651 4207 4523 
2549 2652 4208 4524 
2550 2653 4209 4525 
2551 2654 4210 4526 
2552 2655 4211 4527 
2553 2656 4212 4528 
2554 2657 4213 4529 
2555 2658 4214 4530 
2556 2659 4215 4531 
2557 2660 4216 4532 
2558 2661 4217 4533 
2559 2662 4218 4534 
2560 2663 4219 4535 
2561 2664 4220 4536 
2562 2665 4221 4537 
2563 2666 4222 4538 
2564 2667 4223 4539 
2565 2668 4224 4540 
2566 2669 4225 4541 
2567 2670 4226 4542 
2568 2671 4227 4543 
2569 2672 4228 4544 
2570 2673 4229 4545 
2571 2674 4230 4546 
2572 2675 4231 4547 
2573 2676 4232 4548 
2574 2677 4233 4549 
2575 2678 4234 4550 
2576 2679 4235 4551 
2577 2680 4236 4552 
2578 2681 4237 4553 
2579 2682 4075 4554 
2580 2683 4076 4555 
2581 2684 4077 4556 
2582 2685 4078 4557 
2583 2686 4079 4558 
2584 2687 4080 4559 
2585 2688 4081 4560 
2586 2689 4082 4561 
2587 2690 4083 4562 
2588 2691 4084 4563 
2589 2692 4085 4401 
2590 2693 4086 4402 
2591 2694 4087 4403 
2592 2695 4088 4404 
2593 2696 4089 4405 
2594 2697 4090 4406 
2595 2698 4091 4407 
2596 2699 4092 4408 
2597 2700 4093 4409 
2598 2701 4094 4410 
2599 2702 4095 4411 
2600 2703 4096 4412 
2601 2704 4097 4413 
2602 2705 4098 4414 
2603 2706 4099 4415 
2604 2707 4100 4416 
2605 2708 4101 4417 
2606 2709 4102 4418 
2607 2710 4103 4419 
2445 2711 4104 4420 
2446 2712 4105 4421 
2447 2713 4106 4422 
2448 2714 4107 4423 
2449 2715 4108 4424 
2450 2716 4109 4425 
2451 2717 4110 4426 
2452 2718 4111 4427 
2453 2719 4112 4428 
2454 2720 4113 4429 
2455 2721 4114 4430 
2456 2722 4115 4431 
2457 2723 4116 4432 
2458 2724 4117 4433 
2459 2725 4118 4434 
2460 2726 4119 4435 
2461 2727 4120 4436 
2462 2728 4121 4437 
2463 2729 4122 4438 
2464 2730 4123 4439 
2465 2731 4124 4440 
2466 2732 4125 4441 
2467 2733 4126 4442 
2468 2734 4127 4443 
2469 2735 4128 4444 
2470 2736 4129 4445 
2471 2737 4130 4446 
2472 2738 4131 4447 
2473 2739 4132 4448 
2474 2740 4133 4449 
2475 2741 4134 4450 
2476 2742 4135 4451 
2477 2743 4136 4452 
2478 2744 4137 4453 
2479 2745 4138 4454 
2480 2746 4139 4455 
2481 2747 4140 4456 
2482 2748 4141 4457 
2483 2749 4142 4458 
2484 2750 4143 4459 
2485 2751 4144 4460 
2486 2752 4145 4461 
2487 2753 4146 4462 
2488 2754 4147 4463 
2489 2755 4148 4464 
2490 2756 4149 4465 
2491 2757 4150 4466 
2492 2758 4151 4467 
2493 2759 4152 4468 
2494 2760 4153 4469 
2495 2761 4154 4470 
2496 2762 4155 4471 
2497 2763 4156 4472 
2498 2764 4157 4473 
2499 2765 4158 4474 
2500 2766 4159 4475 
2501 2767 4160 4476 
2502 2768 4161 4477 
2503 2769 4162 4478 
2504 2770 4163 4479 
2505 2608 4164 4480 
2506 2609 4165 4481 
2507 2610 4166 4482 
2508 2611 4167 4483 
2509 2612 4168 4484 
2510 2613 4169 4485 
2511 2614 4170 4486 
2512 2615 4171 4487 
2513 2616 4172 4488 
2514 2617 4173 4489 
2515 2618 4174 4490 
2516 2619 4175 4491 
2517 2620 4176 4492 
2518 2621 4177 4493 
2519 2622 4178 4494 
2520 2623 4179 4495 
2521 2624 4180 4496 
2522 2625 4181 4497 
2523 2626 4182 4498 
2524 2627 4183 4499 
2525 2628 4184 4500 
2526 2629 4185 4501 
2527 2630 4186 4502 
2528 2631 4187 4503 
2529 2632 4188 4504 
2049 2807 3939 4340 
2050 2808 3940 4341 
2051 2809 3941 4342 
2052 2810 3942 4343 
2053 2811 3943 4344 
2054 2812 3944 4345 
2055 2813 3945 4346 
2056 2814 3946 4347 
2057 2815 3947 4348 
2058 2816 3948 4349 
2059 2817 3949 4350 
2060 2818 3950 4351 
2061 2819 3951 4352 
2062 2820 3952 4353 
2063 2821 3953 4354 
2064 2822 3954 4355 
2065 2823 3955 4356 
2066 2824 3956 4357 
2067 2825 3957 4358 
2068 2826 3958 4359 
2069 2827 3959 4360 
2070 2828 3960 4361 
2071 2829 3961 4362 
2072 2830 3962 4363 
2073 2831 3963 4364 
2074 2832 3964 4365 
2075 2833 3965 4366 
2076 2834 3966 4367 
2077 2835 3967 4368 
2078 2836 3968 4369 
2079 2837 3969 4370 
2080 2838 3970 4371 
2081 2839 3971 4372 
2082 2840 3972 4373 
2083 2841 3973 4374 
2084 2842 3974 4375 
2085 2843 3975 4376 
2086 2844 3976 4377 
2087 2845 3977 4378 
2088 2846 3978 4379 
2089 2847 3979 4380 
2090 2848 3980 4381 
2091 2849 3981 4382 
2092 2850 3982 4383 
2093 2851 3983 4384 
2094 2852 3984 4385 
2095 2853 3985 4386 
2096 2854 3986 4387 
2097 2855 3987 4388 
2098 2856 3988 4389 
2099 2857 3989 4390 
2100 2858 3990 4391 
2101 2859 3991 4392 
2102 2860 3992 4393 
2103 2861 3993 4394 
2104 2862 3994 4395 
2105 2863 3995 4396 
2106 2864 3996 4397 
2107 2865 3997 4398 
2108 2866 3998 4399 
2109 2867 3999 4400 
2110 2868 4000 4238 
2111 2869 4001 4239 
2112 2870 4002 4240 
2113 2871 4003 4241 
2114 2872 4004 4242 
2115 2873 4005 4243 
2116 2874 4006 4244 
2117 2875 4007 4245 
2118 2876 4008 4246 
1956 2877 4009 4247 
1957 2878 4010 4248 
1958 2879 4011 4249 
1959 2880 4012 4250 
1960 2881 4013 4251 
1961 2882 4014 4252 
1962 2883 4015 4253 
1963 2884 4016 4254 
1964 2885 4017 4255 
1965 2886 4018 4256 
1966 2887 4019 4257 
1967 2888 4020 4258 
1968 2889 4021 4259 
1969 2890 4022 4260 
1970 2891 4023 4261 
1971 2892 4024 4262 
1972 2893 4025 4263 
1973 2894 4026 4264 
1974 2895 4027 4265 
1975 2896 4028 4266 
1976 2897 4029 4267 
1977 2898 4030 4268 
1978 2899 4031 4269 
1979 2900 4032 4270 
1980 2901 4033 4271 
1981 2902 4034 4272 
1982 2903 4035 4273 
1983 2904 4036 4274 
1984 2905 4037 4275 
1985 2906 4038 4276 
1986 2907 4039 4277 
1987 2908 4040 4278 
1988 2909 4041 4279 
1989 2910 4042 4280 
1990 2911 4043 4281 
1991 2912 4044 4282 
1992 2913 4045 4283 
1993 2914 4046 4284 
1994 2915 4047 4285 
1995 2916 4048 4286 
1996 2917 4049 4287 
1997 2918 4050 4288 
1998 2919 4051 4289 
1999 2920 4052 4290 
2000 2921 4053 4291 
2001 2922 4054 4292 
2002 2923 4055 4293 
2003 2924 4056 4294 
2004 2925 4057 4295 
2005 2926 4058 4296 
2006 2927 4059 4297 
2007 2928 4060 4298 
2008 2929 4061 4299 
2009 2930 4062 4300 
2010 2931 4063 4301 
2011 2932 4064 4302 
2012 2933 4065 4303 
2013 2771 4066 4304 
2014 2772 4067 4305 
2015 2773 4068 4306 
2016 2774 4069 4307 
2017 2775 4070 4308 
2018 2776 4071 4309 
2019 2777 4072 4310 
2020 2778 4073 4311 
2021 2779 4074 4312 
2022 2780 3912 4313 
2023 2781 3913 4314 
2024 2782 3914 4315 
2025 2783 3915 4316 
2026 2784 3916 4317 
2027 2785 3917 4318 
2028 2786 3918 4319 
2029 2787 3919 4320 
2030 2788 3920 4321 
2031 2789 3921 4322 
2032 2790 3922 4323 
2033 2791 3923 4324 
2034 2792 3924 4325 
2035 2793 3925 4326 
2036 2794 3926 4327 
2037 2795 3927 4328 
2038 2796 3928 4329 
2039 2797 3929 4330 
2040 2798 3930 4331 
2041 2799 3931 4332 
2042 2800 3932 4333 
2043 2801 3933 4334 
2044 2802 3934 4335 
2045 2803 3935 4336 
2046 2804 3936 4337 
2047 2805 3937 4338 
2048 2806 3938 4339 
2232 2379 3447 4063 
2233 2380 3448 4064 
2234 2381 3449 4065 
2235 2382 3450 4066 
2236 2383 3451 4067 
2237 2384 3452 4068 
2238 2385 3453 4069 
2239 2386 3454 4070 
2240 2387 3455 4071 
2241 2388 3456 4072 
2242 2389 3457 4073 
2243 2390 3458 4074 
2244 2391 3459 3912 
2245 2392 3460 3913 
2246 2393 3461 3914 
2247 2394 3462 3915 
2248 2395 3463 3916 
2249 2396 3464 3917 
2250 2397 3465 3918 
2251 2398 3466 3919 
2252 2399 3467 3920 
2253 2400 3468 3921 
2254 2401 3469 3922 
2255 2402 3470 3923 
2256 2403 3471 3924 
2257 2404 3472 3925 
2258 2405 3473 3926 
2259 2406 3474 3927 
2260 2407 3475 3928 
2261 2408 3476 3929 
2262 2409 3477 3930 
2263 2410 3478 3931 
2264 2411 3479 3932 
2265 2412 3480 3933 
2266 2413 3481 3934 
2267 2414 3482 3935 
2268 2415 3483 3936 
2269 2416 3484 3937 
2270 2417 3485 3938 
2271 2418 3486 3939 
2272 2419 3487 3940 
2273 2420 3488 3941 
2274 2421 3489 3942 
2275 2422 3490 3943 
2276 2423 3491 3944 
2277 2424 3492 3945 
2278 2425 3493 3946 
2279 2426 3494 3947 
2280 2427 3495 3948 
2281 2428 3496 3949 
2119 2429 3497 3950 
2120 2430 3498 3951 
2121 2431 3499 3952 
2122 2432 3500 3953 
2123 2433 3501 3954 
2124 2434 3502 3955 
2125 2435 3503 3956 
2126 2436 3504 3957 
2127 2437 3505 3958 
2128 2438 3506 3959 
2129 2439 3507 3960 
2130 2440 3508 3961 
2131 2441 3509 3962 
2132 2442 3510 3963 
2133 2443 3511 3964 
2134 2444 3512 3965 
2135 2282 3513 3966 
2136 2283 3514 3967 
2137 2284 3515 3968 
2138 2285 3516 3969 
2139 2286 3517 3970 
2140 2287 3518 3971 
2141 2288 3519 3972 
2142 2289 3520 3973 
2143 2290 3521 3974 
2144 2291 3522 3975 
2145 2292 3523 3976 
2146 2293 3524 3977 
2147 2294 3525 3978 
2148 2295 3526 3979 
2149 2296 3527 3980 
2150 2297 3528 3981 
2151 2298 3529 3982 
2152 2299 3530 3983 
2153 2300 3531 3984 
2154 2301 3532 3985 
2155 2302 3533 3986 
2156 2303 3534 3987 
2157 2304 3535 3988 
2158 2305 3536 3989 
2159 2306 3537 3990 
2160 2307 3538 3991 
2161 2308 3539 3992 
2162 2309 3540 3993 
2163 2310 3541 3994 
2164 2311 3542 3995 
2165 2312 3543 3996 
2166 2313 3544 3997 
2167 2314 3545 3998 
2168 2315 3546 3999 
2169 2316 3547 4000 
2170 2317 3548 4001 
2171 2318 3549 4002 
2172 2319 3550 4003 
2173 2320 3551 4004 
2174 2321 3552 4005 
2175 2322 3553 4006 
2176 2323 3554 4007 
2177 2324 3555 4008 
2178 2325 3556 4009 
2179 2326 3557 4010 
2180 2327 3558 4011 
2181 2328 3559 4012 
2182 2329 3560 4013 
2183 2330 3561 4014 
2184 2331 3562 4015 
2185 2332 3563 4016 
2186 2333 3564 4017 
2187 2334 3565 4018 
2188 2335 3566 4019 
2189 2336 3567 4020 
2190 2337 3568 4021 
2191 2338 3569 4022 
2192 2339 3570 4023 
2193 2340 3571 4024 
2194 2341 3572 4025 
2195 2342 3573 4026 
2196 2343 3574 4027 
2197 2344 3575 4028 
2198 2345 3576 4029 
2199 2346 3577 4030 
2200 2347 3578 4031 
2201 2348 3579 4032 
2202 2349 3580 4033 
2203 2350 3581 4034 
2204 2351 3582 4035 
2205 2352 3583 4036 
2206 2353 3584 4037 
2207 2354 3585 4038 
2208 2355 3423 4039 
2209 2356 3424 4040 
2210 2357 3425 4041 
2211 2358 3426 4042 
2212 2359 3427 4043 
2213 2360 3428 4044 
2214 2361 3429 4045 
2215 2362 3430 4046 
2216 2363 3431 4047 
2217 2364 3432 4048 
2218 2365 3433 4049 
2219 2366 3434 4050 
2220 2367 3435 4051 
2221 2368 3436 4052 
2222 2369 3437 4053 
2223 2370 3438 4054 
2224 2371 3439 4055 
2225 2372 3440 4056 
2226 2373 3441 4057 
2227 2374 3442 4058 
2228 2375 3443 4059 
2229 2376 3444 4060 
2230 2377 3445 4061 
2231 2378 3446 4062 
2302 2569 3663 4105 
2303 2570 3664 4106 
2304 2571 3665 4107 
2305 2572 3666 4108 
2306 2573 3667 4109 
2307 2574 3668 4110 
2308 2575 3669 4111 
2309 2576 3670 4112 
2310 2577 3671 4113 
2311 2578 3672 4114 
2312 2579 3673 4115 
2313 2580 3674 4116 
2314 2581 3675 4117 
2315 2582 3676 4118 
2316 2583 3677 4119 
2317 2584 3678 4120 
2318 2585 3679 4121 
2319 2586 3680 4122 
2320 2587 3681 4123 
2321 2588 3682 4124 
2322 2589 3683 4125 
2323 2590 3684 4126 
2324 2591 3685 4127 
2325 2592 3686 4128 
2326 2593 3687 4129 
2327 2594 3688 4130 
2328 2595 3689 4131 
2329 2596 3690 4132 
2330 2597 3691 4133 
2331 2598 3692 4134 
2332 2599 3693 4135 
2333 2600 3694 4136 
2334 2601 3695 4137 
2335 2602 3696 4138 
2336 2603 3697 4139 
2337 2604 3698 4140 
2338 2605 3699 4141 
2339 2606 3700 4142 
2340 2607 3701 4143 
2341 2445 3702 4144 
2342 2446 3703 4145 
2343 2447 3704 4146 
2344 2448 3705 4147 
2345 2449 3706 4148 
2346 2450 3707 4149 
2347 2451 3708 4150 
2348 2452 3709 4151 
2349 2453 3710 4152 
2350 2454 3711 4153 
2351 2455 3712 4154 
2352 2456 3713 4155 
2353 2457 3714 4156 
2354 2458 3715 4157 
2355 2459 3716 4158 
2356 2460 3717 4159 
2357 2461 3718 4160 
2358 2462 3719 4161 
2359 2463 3720 4162 
2360 2464 3721 4163 
2361 2465 3722 4164 
2362 2466 3723 4165 
2363 2467 3724 4166 
2364 2468 3725 4167 
2365 2469 3726 4168 
2366 2470 3727 4169 
2367 2471 3728 4170 
2368 2472 3729 4171 
2369 2473 3730 4172 
2370 2474 3731 4173 
2371 2475 3732 4174 
2372 2476 3733 4175 
2373 2477 3734 4176 
2374 2478 3735 4177 
2375 2479 3736 4178 
2376 2480 3737 4179 
2377 2481 3738 4180 
2378 2482 3739 4181 
2379 2483 3740 4182 
2380 2484 3741 4183 
2381 2485 3742 4184 
2382 2486 3743 4185 
2383 2487 3744 4186 
2384 2488 3745 4187 
2385 2489 3746 4188 
2386 2490 3747 4189 
2387 2491 3748 4190 
2388 2492 3586 4191 
2389 2493 3587 4192 
2390 2494 3588 4193 
2391 2495 3589 4194 
2392 2496 3590 4195 
2393 2497 3591 4196 
2394 2498 3592 4197 
2395 2499 3593 4198 
2396 2500 3594 4199 
2397 2501 3595 4200 
2398 2502 3596 4201 
2399 2503 3597 4202 
2400 2504 3598 4203 
2401 2505 3599 4204 
2402 2506 3600 4205 
2403 2507 3601 4206 
2404 2508 3602 4207 
2405 2509 3603 4208 
2406 2510 3604 4209 
2407 2511 3605 4210 
2408 2512 3606 4211 
2409 2513 3607 4212 
2410 2514 3608 4213 
2411 2515 3609 4214 
2412 2516 3610 4215 
2413 2517 3611 4216 
2414 2518 3612 4217 
2415 2519 3613 4218 
2416 2520 3614 4219 
2417 2521 3615 4220 
2418 2522 3616 4221 
2419 2523 3617 4222 
2420 2524 3618 4223 
2421 2525 3619 4224 
2422 2526 3620 4225 
2423 2527 3621 4226 
2424 2528 3622 4227 
2425 2529 3623 4228 
2426 2530 3624 4229 
2427 2531 3625 4230 
2428 2532 3626 4231 
2429 2533 3627 4232 
2430 2534 3628 4233 
2431 2535 3629 4234 
2432 2536 3630 4235 
2433 2537 3631 4236 
2434 2538 3632 4237 
2435 2539 3633 4075 
2436 2540 3634 4076 
2437 2541 3635 4077 
2438 2542 3636 4078 
2439 2543 3637 4079 
2440 2544 3638 4080 
2441 2545 3639 4081 
2442 2546 3640 4082 
2443 2547 3641 4083 
2444 2548 3642 4084 
2282 2549 3643 4085 
2283 2550 3644 4086 
2284 2551 3645 4087 
2285 2552 3646 4088 
2286 2553 3647 4089 
2287 2554 3648 4090 
2288 2555 3649 4091 
2289 2556 3650 4092 
2290 2557 3651 4093 
2291 2558 3652 4094 
2292 2559 3653 4095 
2293 2560 3654 4096 
2294 2561 3655 4097 
2295 2562 3656 4098 
2296 2563 3657 4099 
2297 2564 3658 4100 
2298 2565 3659 4101 
2299 2566 3660 4102 
2300 2567 3661 4103 
2301 2568 3662 4104 
2074 2529 3887 4309 
2075 2530 3888 4310 
2076 2531 3889 4311 
2077 2532 3890 4312 
2078 2533 3891 4313 
2079 2534 3892 4314 
2080 2535 3893 4315 
2081 2536 3894 4316 
2082 2537 3895 4317 
2083 2538 3896 4318 
2084 2539 3897 4319 
2085 2540 3898 4320 
2086 2541 3899 4321 
2087 2542 3900 4322 
2088 2543 3901 4323 
2089 2544 3902 4324 
2090 2545 3903 4325 
2091 2546 3904 4326 
2092 2547 3905 4327 
2093 2548 3906 4328 
2094 2549 3907 4329 
2095 2550 3908 4330 
2096 2551 3909 4331 
2097 2552 3910 4332 
2098 2553 3911 4333 
2099 2554 3749 4334 
2100 2555 3750 4335 
2101 2556 3751 4336 
2102 2557 3752 4337 
2103 2558 3753 4338 
2104 2559 3754 4339 
2105 2560 3755 4340 
2106 2561 3756 4341 
2107 2562 3757 4342 
2108 2563 3758 4343 
2109 2564 3759 4344 
2110 2565 3760 4345 
2111 2566 3761 4346 
2112 2567 3762 4347 
2113 2568 3763 4348 
2114 2569 3764 4349 
2115 2570 3765 4350 
2116 2571 3766 4351 
2117 2572 3767 4352 
2118 2573 3768 4353 
1956 2574 3769 4354 
1957 2575 3770 4355 
1958 2576 3771 4356 
1959 2577 3772 4357 
1960 2578 3773 4358 
1961 2579 3774 4359 
1962 2580 3775 4360 
1963 2581 3776 4361 
1964 2582 3777 4362 
1965 2583 3778 4363 
1966 2584 3779 4364 
1967 2585 3780 4365 
1968 2586 3781 4366 
1969 2587 3782 4367 
1970 2588 3783 4368 
1971 2589 3784 4369 
1972 2590 3785 4370 
1973 2591 3786 4371 
1974 2592 3787 4372 
1975 2593 3788 4373 
1976 2594 3789 4374 
1977 2595 3790 4375 
1978 2596 3791 4376 
1979 2597 3792 4377 
1980 2598 3793 4378 
1981 2599 3794 4379 
1982 2600 3795 4380 
1983 2601 3796 4381 
1984 2602 3797 4382 
1985 2603 3798 4383 
1986 2604 3799 4384 
1987 2605 3800 4385 
1988 2606 3801 4386 
1989 2607 3802 4387 
1990 2445 3803 4388 
1991 2446 3804 4389 
1992 2447 3805 4390 
1993 2448 3806 4391 
1994 2449 3807 4392 
1995 2450 3808 4393 
1996 2451 3809 4394 
1997 2452 3810 4395 
1998 2453 3811 4396 
1999 2454 3812 4397 
2000 2455 3813 4398 
2001 2456 3814 4399 
2002 2457 3815 4400 
2003 2458 3816 4238 
2004 2459 3817 4239 
2005 2460 3818 4240 
2006 2461 3819 4241 
2007 2462 3820 4242 
2008 2463 3821 4243 
2009 2464 3822 4244 
2010 2465 3823 4245 
2011 2466 3824 4246 
2012 2467 3825 4247 
2013 2468 3826 4248 
2014 2469 3827 4249 
2015 2470 3828 4250 
2016 2471 3829 4251 
2017 2472 3830 4252 
2018 2473 3831 4253 
2019 2474 3832 4254 
2020 2475 3833 4255 
2021 2476 3834 4256 
2022 2477 3835 4257 
2023 2478 3836 4258 
2024 2479 3837 4259 
2025 2480 3838 4260 
2026 2481 3839 4261 
2027 2482 3840 4262 
2028 2483 3841 4263 
2029 2484 3842 4264 
2030 2485 3843 4265 
2031 2486 3844 4266 
2032 2487 3845 4267 
2033 2488 3846 4268 
2034 2489 3847 4269 
2035 2490 3848 4270 
2036 2491 3849 4271 
2037 2492 3850 4272 
2038 2493 3851 4273 
2039 2494 3852 4274 
2040 2495 3853 4275 
2041 2496 3854 4276 
2042 2497 3855 4277 
2043 2498 3856 4278 
2044 2499 3857 4279 
2045 2500 3858 4280 
2046 2501 3859 4281 
2047 2502 3860 4282 
2048 2503 3861 4283 
2049 2504 3862 4284 
2050 2505 3863 4285 
2051 2506 3864 4286 
2052 2507 3865 4287 
2053 2508 3866 4288 
2054 2509 3867 4289 
2055 2510 3868 4290 
2056 2511 3869 4291 
2057 2512 3870 4292 
2058 2513 3871 4293 
2059 2514 3872 4294 
2060 2515 3873 4295 
2061 2516 3874 4296 
2062 2517 3875 4297 
2063 2518 3876 4298 
2064 2519 3877 4299 
2065 2520 3878 4300 
2066 2521 3879 4301 
2067 2522 3880 4302 
2068 2523 3881 4303 
2069 2524 3882 4304 
2070 2525 3883 4305 
2071 2526 3884 4306 
2072 2527 3885 4307 
2073 2528 3886 4308 
2115 2198 3346 4500 
2116 2199 3347 4501 
2117 2200 3348 4502 
2118 2201 3349 4503 
1956 2202 3350 4504 
1957 2203 3351 4505 
1958 2204 3352 4506 
1959 2205 3353 4507 
1960 2206 3354 4508 
1961 2207 3355 4509 
1962 2208 3356 4510 
1963 2209 3357 4511 
1964 2210 3358 4512 
1965 2211 3359 4513 
1966 2212 3360 4514 
1967 2213 3361 4515 
1968 2214 3362 4516 
1969 2215 3363 4517 
1970 2216 3364 4518 
1971 2217 3365 4519 
1972 2218 3366 4520 
1973 2219 3367 4521 
1974 2220 3368 4522 
1975 2221 3369 4523 
1976 2222 3370 4524 
1977 2223 3371 4525 
1978 2224 3372 4526 
1979 2225 3373 4527 
1980 2226 3374 4528 
1981 2227 3375 4529 
1982 2228 3376 4530 
1983 2229 3377 4531 
1984 2230 3378 4532 
1985 2231 3379 4533 
1986 2232 3380 4534 
1987 2233 3381 4535 
1988 2234 3382 4536 
1989 2235 3383 4537 
1990 2236 3384 4538 
1991 2237 3385 4539 
1992 2238 3386 4540 
1993 2239 3387 4541 
1994 2240 3388 4542 
1995 2241 3389 4543 
1996 2242 3390 4544 
1997 2243 3391 4545 
1998 2244 3392 4546 
1999 2245 3393 4547 
2000 2246 3394 4548 
2001 2247 3395 4549 
2002 2248 3396 4550 
2003 2249 3397 4551 
2004 2250 3398 4552 
2005 2251 3399 4553 
2006 2252 3400 4554 
2007 2253 3401 4555 
2008 2254 3402 4556 
2009 2255 3403 4557 
2010 2256 3404 4558 
2011 2257 3405 4559 
2012 2258 3406 4560 
2013 2259 3407 4561 
2014 2260 3408 4562 
2015 2261 3409 4563 
2016 2262 3410 4401 
2017 2263 3411 4402 
2018 2264 3412 4403 
2019 2265 3413 4404 
2020 2266 3414 4405 
2021 2267 3415 4406 
2022 2268 3416 4407 
2023 2269 3417 4408 
2024 2270 3418 4409 
2025 2271 3419 4410 
2026 2272 3420 4411 
2027 2273 3421 4412 
2028 2274 3422 4413 
2029 2275 3260 4414 
2030 2276 3261 4415 
2031 2277 3262 4416 
2032 2278 3263 4417 
2033 2279 3264 4418 
2034 2280 3265 4419 
2035 2281 3266 4420 
2036 2119 3267 4421 
2037 2120 3268 4422 
2038 2121 3269 4423 
2039 2122 3270 4424 
2040 2123 3271 4425 
2041 2124 3272 4426 
2042 2125 3273 4427 
2043 2126 3274 4428 
2044 2127 3275 4429 
2045 2128 3276 4430 
2046 2129 3277 4431 
2047 2130 3278 4432 
2048 2131 3279 4433 
2049 2132 3280 4434 
2050 2133 3281 4435 
2051 2134 3282 4436 
2052 2135 3283 4437 
2053 2136 3284 4438 
2054 2137 3285 4439 
2055 2138 3286 4440 
2056 2139 3287 4441 
2057 2140 3288 4442 
2058 2141 3289 4443 
2059 2142 3290 4444 
2060 2143 3291 4445 
2061 2144 3292 4446 
2062 2145 3293 4447 
2063 2146 3294 4448 
2064 2147 3295 4449 
2065 2148 3296 4450 
2066 2149 3297 4451 
2067 2150 3298 4452 
2068 2151 3299 4453 
2069 2152 3300 4454 
2070 2153 3301 4455 
2071 2154 3302 4456 
2072 2155 3303 4457 
2073 2156 3304 4458 
2074 2157 3305 4459 
2075 2158 3306 4460 
2076 2159 3307 4461 
2077 2160 3308 4462 
2078 2161 3309 4463 
2079 2162 3310 4464 
2080 2163 3311 4465 
2081 2164 3312 4466 
2082 2165 3313 4467 
2083 2166 3314 4468 
2084 2167 3315 4469 
2085 2168 3316 4470 
2086 2169 3317 4471 
2087 2170 3318 4472 
2088 2171 3319 4473 
2089 2172 3320 4474 
2090 2173 3321 4475 
2091 2174 3322 4476 
2092 2175 3323 4477 
2093 2176 3324 4478 
2094 2177 3325 4479 
2095 2178 3326 4480 
2096 2179 3327 4481 
2097 2180 3328 4482 
2098 2181 3329 4483 
2099 2182 3330 4484 
2100 2183 3331 4485 
2101 2184 3332 4486 
2102 2185 3333 4487 
2103 2186 3334 4488 
2104 2187 3335 4489 
2105 2188 3336 4490 
2106 2189 3337 4491 
2107 2190 3338 4492 
2108 2191 3339 4493 
2109 2192 3340 4494 
2110 2193 3341 4495 
2111 2194 3342 4496 
2112 2195 3343 4497 
2113 2196 3344 4498 
2114 2197 3345 4499 
209 1275 2578 4088 4311 4473 
210 1276 2579 4089 4312 4474 
211 1277 2580 4090 4313 4475 
212 1278 2581 4091 4314 4476 
213 1279 2582 4092 4315 4477 
214 1280 2583 4093 4316 4478 
215 1281 2584 4094 4317 4479 
216 1282 2585 4095 4318 4480 
217 1283 2586 4096 4319 4481 
218 1284 2587 4097 4320 4482 
219 1285 2588 4098 4321 4483 
220 1286 2589 4099 4322 4484 
221 1287 2590 4100 4323 4485 
222 1288 2591 4101 4324 4486 
223 1289 2592 4102 4325 4487 
224 1290 2593 4103 4326 4488 
225 1291 2594 4104 4327 4489 
226 1292 2595 4105 4328 4490 
227 1293 2596 4106 4329 4491 
228 1294 2597 4107 4330 4492 
229 1295 2598 4108 4331 4493 
230 1296 2599 4109 4332 4494 
231 1297 2600 4110 4333 4495 
232 1298 2601 4111 4334 4496 
233 1299 2602 4112 4335 4497 
234 1300 2603 4113 4336 4498 
235 1301 2604 4114 4337 4499 
236 1302 2605 4115 4338 4500 
237 1303 2606 4116 4339 4501 
238 1141 2607 4117 4340 4502 
239 1142 2445 4118 4341 4503 
240 1143 2446 4119 4342 4504 
241 1144 2447 4120 4343 4505 
242 1145 2448 4121 4344 4506 
243 1146 2449 4122 4345 4507 
244 1147 2450 4123 4346 4508 
245 1148 2451 4124 4347 4509 
246 1149 2452 4125 4348 4510 
247 1150 2453 4126 4349 4511 
248 1151 2454 4127 4350 4512 
249 1152 2455 4128 4351 4513 
250 1153 2456 4129 4352 4514 
251 1154 2457 4130 4353 4515 
252 1155 2458 4131 4354 4516 
253 1156 2459 4132 4355 4517 
254 1157 2460 4133 4356 4518 
255 1158 2461 4134 4357 4519 
256 1159 2462 4135 4358 4520 
257 1160 2463 4136 4359 4521 
258 1161 2464 4137 4360 4522 
259 1162 2465 4138 4361 4523 
260 1163 2466 4139 4362 4524 
261 1164 2467 4140 4363 4525 
262 1165 2468 4141 4364 4526 
263 1166 2469 4142 4365 4527 
264 1167 2470 4143 4366 4528 
265 1168 2471 4144 4367 4529 
266 1169 2472 4145 4368 4530 
267 1170 2473 4146 4369 4531 
268 1171 2474 4147 4370 4532 
269 1172 2475 4148 4371 4533 
270 1173 2476 4149 4372 4534 
271 1174 2477 4150 4373 4535 
272 1175 2478 4151 4374 4536 
273 1176 2479 4152 4375 4537 
274 1177 2480 4153 4376 4538 
275 1178 2481 4154 4377 4539 
276 1179 2482 4155 4378 4540 
277 1180 2483 4156 4379 4541 
278 1181 2484 4157 4380 4542 
279 1182 2485 4158 4381 4543 
280 1183 2486 4159 4382 4544 
281 1184 2487 4160 4383 4545 
282 1185 2488 4161 4384 4546 
283 1186 2489 4162 4385 4547 
284 1187 2490 4163 4386 4548 
285 1188 2491 4164 4387 4549 
286 1189 2492 4165 4388 4550 
287 1190 2493 4166 4389 4551 
288 1191 2494 4167 4390 4552 
289 1192 2495 4168 4391 4553 
290 1193 2496 4169 4392 4554 
291 1194 2497 4170 4393 4555 
292 1195 2498 4171 4394 4556 
293 1196 2499 4172 4395 4557 
294 1197 2500 4173 4396 4558 
295 1198 2501 4174 4397 4559 
296 1199 2502 4175 4398 4560 
297 1200 2503 4176 4399 4561 
298 1201 2504 4177 4400 4562 
299 1202 2505 4178 4238 4563 
300 1203 2506 4179 4239 4401 
301 1204 2507 4180 4240 4402 
302 1205 2508 4181 4241 4403 
303 1206 2509 4182 4242 4404 
304 1207 2510 4183 4243 4405 
305 1208 2511 4184 4244 4406 
306 1209 2512 4185 4245 4407 
307 1210 2513 4186 4246 4408 
308 1211 2514 4187 4247 4409 
309 1212 2515 4188 4248 4410 
310 1213 2516 4189 4249 4411 
311 1214 2517 4190 4250 4412 
312 1215 2518 4191 4251 4413 
313 1216 2519 4192 4252 4414 
314 1217 2520 4193 4253 4415 
315 1218 2521 4194 4254 4416 
316 1219 2522 4195 4255 4417 
317 1220 2523 4196 4256 4418 
318 1221 2524 4197 4257 4419 
319 1222 2525 4198 4258 4420 
320 1223 2526 4199 4259 4421 
321 1224 2527 4200 4260 4422 
322 1225 2528 4201 4261 4423 
323 1226 2529 4202 4262 4424 
324 1227 2530 4203 4263 4425 
325 1228 2531 4204 4264 4426 
163 1229 2532 4205 4265 4427 
164 1230 2533 4206 4266 4428 
165 1231 2534 4207 4267 4429 
166 1232 2535 4208 4268 4430 
167 1233 2536 4209 4269 4431 
168 1234 2537 4210 4270 4432 
169 1235 2538 4211 4271 4433 
170 1236 2539 4212 4272 4434 
171 1237 2540 4213 4273 4435 
172 1238 2541 4214 4274 4436 
173 1239 2542 4215 4275 4437 
174 1240 2543 4216 4276 4438 
175 1241 2544 4217 4277 4439 
176 1242 2545 4218 4278 4440 
177 1243 2546 4219 4279 4441 
178 1244 2547 4220 4280 4442 
179 1245 2548 4221 4281 4443 
180 1246 2549 4222 4282 4444 
181 1247 2550 4223 4283 4445 
182 1248 2551 4224 4284 4446 
183 1249 2552 4225 4285 4447 
184 1250 2553 4226 4286 4448 
185 1251 2554 4227 4287 4449 
186 1252 2555 4228 4288 4450 
187 1253 2556 4229 4289 4451 
188 1254 2557 4230 4290 4452 
189 1255 2558 4231 4291 4453 
190 1256 2559 4232 4292 4454 
191 1257 2560 4233 4293 4455 
192 1258 2561 4234 4294 4456 
193 1259 2562 4235 4295 4457 
194 1260 2563 4236 4296 4458 
195 1261 2564 4237 4297 4459 
196 1262 2565 4075 4298 4460 
197 1263 2566 4076 4299 4461 
198 1264 2567 4077 4300 4462 
199 1265 2568 4078 4301 4463 
200 1266 2569 4079 4302 4464 
201 1267 2570 4080 4303 4465 
202 1268 2571 4081 4304 4466 
203 1269 2572 4082 4305 4467 
204 1270 2573 4083 4306 4468 
205 1271 2574 4084 4307 4469 
206 1272 2575 4085 4308 4470 
207 1273 2576 4086 4309 4471 
208 1274 2577 4087 4310 4472 
451 812 1997 3974 4278 4553 
452 813 1998 3975 4279 4554 
453 814 1999 3976 4280 4555 
454 652 2000 3977 4281 4556 
455 653 2001 3978 4282 4557 
456 654 2002 3979 4283 4558 
457 655 2003 3980 4284 4559 
458 656 2004 3981 4285 4560 
459 657 2005 3982 4286 4561 
460 658 2006 3983 4287 4562 
461 659 2007 3984 4288 4563 
462 660 2008 3985 4289 4401 
463 661 2009 3986 4290 4402 
464 662 2010 3987 4291 4403 
465 663 2011 3988 4292 4404 
466 664 2012 3989 4293 4405 
467 665 2013 3990 4294 4406 
468 666 2014 3991 4295 4407 
469 667 2015 3992 4296 4408 
470 668 2016 3993 4297 4409 
471 669 2017 3994 4298 4410 
472 670 2018 3995 4299 4411 
473 671 2019 3996 4300 4412 
474 672 2020 3997 4301 4413 
475 673 2021 3998 4302 4414 
476 674 2022 3999 4303 4415 
477 675 2023 4000 4304 4416 
478 676 2024 4001 4305 4417 
479 677 2025 4002 4306 4418 
480 678 2026 4003 4307 4419 
481 679 2027 4004 4308 4420 
482 680 2028 4005 4309 4421 
483 681 2029 4006 4310 4422 
484 682 2030 4007 4311 4423 
485 683 2031 4008 4312 4424 
486 684 2032 4009 4313 4425 
487 685 2033 4010 4314 4426 
488 686 2034 4011 4315 4427 
326 687 2035 4012 4316 4428 
327 688 2036 4013 4317 4429 
328 689 2037 4014 4318 4430 
329 690 2038 4015 4319 4431 
330 691 2039 4016 4320 4432 
331 692 2040 4017 4321 4433 
332 693 2041 4018 4322 4434 
333 694 2042 4019 4323 4435 
334 695 2043 4020 4324 4436 
335 696 2044 4021 4325 4437 
336 697 2045 4022 4326 4438 
337 698 2046 4023 4327 4439 
338 699 2047 4024 4328 4440 
339 700 2048 4025 4329 4441 
340 701 2049 4026 4330 4442 
341 702 2050 4027 4331 4443 
342 703 2051 4028 4332 4444 
343 704 2052 4029 4333 4445 
344 705 2053 4030 4334 4446 
345 706 2054 4031 4335 4447 
346 707 2055 4032 4336 4448 
347 708 2056 4033 4337 4449 
348 709 2057 4034 4338 4450 
349 710 2058 4035 4339 4451 
350 711 2059 4036 4340 4452 
351 712 2060 4037 4341 4453 
352 713 2061 4038 4342 4454 
353 714 2062 4039 4343 4455 
354 715 2063 4040 4344 4456 
355 716 2064 4041 4345 4457 
356 717 2065 4042 4346 4458 
357 718 2066 4043 4347 4459 
358 719 2067 4044 4348 4460 
359 720 2068 4045 4349 4461 
360 721 2069 4046 4350 4462 
361 722 2070 4047 4351 4463 
362 723 2071 4048 4352 4464 
363 724 2072 4049 4353 4465 
364 725 2073 4050 4354 4466 
365 726 2074 4051 4355 4467 
366 727 2075 4052 4356 4468 
367 728 2076 4053 4357 4469 
368 729 2077 4054 4358 4470 
369 730 2078 4055 4359 4471 
370 731 2079 4056 4360 4472 
371 732 2080 4057 4361 4473 
372 733 2081 4058 4362 4474 
373 734 2082 4059 4363 4475 
374 735 2083 4060 4364 4476 
375 736 2084 4061 4365 4477 
376 737 2085 4062 4366 4478 
377 738 2086 4063 4367 4479 
378 739 2087 4064 4368 4480 
379 740 2088 4065 4369 4481 
380 741 2089 4066 4370 4482 
381 742 2090 4067 4371 4483 
382 743 2091 4068 4372 4484 
383 744 2092 4069 4373 4485 
384 745 2093 4070 4374 4486 
385 746 2094 4071 4375 4487 
386 747 2095 4072 4376 4488 
387 748 2096 4073 4377 4489 
388 749 2097 4074 4378 4490 
389 750 2098 3912 4379 4491 
390 751 2099 3913 4380 4492 
391 752 2100 3914 4381 4493 
392 753 2101 3915 4382 4494 
393 754 2102 3916 4383 4495 
394 755 2103 3917 4384 4496 
395 756 2104 3918 4385 4497 
396 757 2105 3919 4386 4498 
397 758 2106 3920 4387 4499 
398 759 2107 3921 4388 4500 
399 760 2108 3922 4389 4501 
400 761 2109 3923 4390 4502 
401 762 2110 3924 4391 4503 
402 763 2111 3925 4392 4504 
403 764 2112 3926 4393 4505 
404 765 2113 3927 4394 4506 
405 766 2114 3928 4395 4507 
406 767 2115 3929 4396 4508 
407 768 2116 3930 4397 4509 
408 769 2117 3931 4398 4510 
409 770 2118 3932 4399 4511 
410 771 1956 3933 4400 4512 
411 772 1957 3934 4238 4513 
412 773 1958 3935 4239 4514 
413 774 1959 3936 4240 4515 
414 775 1960 3937 4241 4516 
415 776 1961 3938 4242 4517 
416 777 1962 3939 4243 4518 
417 778 1963 3940 4244 4519 
418 779 1964 3941 4245 4520 
419 780 1965 3942 4246 4521 
420 781 1966 3943 4247 4522 
421 782 1967 3944 4248 4523 
422 783 1968 3945 4249 4524 
423 784 1969 3946 4250 4525 
424 785 1970 3947 4251 4526 
425 786 1971 3948 4252 4527 
426 787 1972 3949 4253 4528 
427 788 1973 3950 4254 4529 
428 789 1974 3951 4255 4530 
429 790 1975 3952 4256 4531 
430 791 1976 3953 4257 4532 
431 792 1977 3954 4258 4533 
432 793 1978 3955 4259 4534 
433 794 1979 3956 4260 4535 
434 795 1980 3957 4261 4536 
435 796 1981 3958 4262 4537 
436 797 1982 3959 4263 4538 
437 798 1983 3960 4264 4539 
438 799 1984 3961 4265 4540 
439 800 1985 3962 4266 4541 
440 801 1986 3963 4267 4542 
441 802 1987 3964 4268 4543 
442 803 1988 3965 4269 4544 
443 804 1989 3966 4270 4545 
444 805 1990 3967 4271 4546 
445 806 1991 3968 4272 4547 
446 807 1992 3969 4273 4548 
447 808 1993 3970 4274 4549 
448 809 1994 3971 4275 4550 
449 810 1995 3972 4276 4551 
450 811 1996 3973 4277 4552 
523 917 2206 3972 4078 4455 
524 918 2207 3973 4079 4456 
525 919 2208 3974 4080 4457 
526 920 2209 3975 4081 4458 
527 921 2210 3976 4082 4459 
528 922 2211 3977 4083 4460 
529 923 2212 3978 4084 4461 
530 924 2213 3979 4085 4462 
531 925 2214 3980 4086 4463 
532 926 2215 3981 4087 4464 
533 927 2216 3982 4088 4465 
534 928 2217 3983 4089 4466 
535 929 2218 3984 4090 4467 
536 930 2219 3985 4091 4468 
537 931 2220 3986 4092 4469 
538 932 2221 3987 4093 4470 
539 933 2222 3988 4094 4471 
540 934 2223 3989 4095 4472 
541 935 2224 3990 4096 4473 
542 936 2225 3991 4097 4474 
543 937 2226 3992 4098 4475 
544 938 2227 3993 4099 4476 
545 939 2228 3994 4100 4477 
546 940 2229 3995 4101 4478 
547 941 2230 3996 4102 4479 
548 942 2231 3997 4103 4480 
549 943 2232 3998 4104 4481 
550 944 2233 3999 4105 4482 
551 945 2234 4000 4106 4483 
552 946 2235 4001 4107 4484 
553 947 2236 4002 4108 4485 
554 948 2237 4003 4109 4486 
555 949 2238 4004 4110 4487 
556 950 2239 4005 4111 4488 
557 951 2240 4006 4112 4489 
558 952 2241 4007 4113 4490 
559 953 2242 4008 4114 4491 
560 954 2243 4009 4115 4492 
561 955 2244 4010 4116 4493 
562 956 2245 4011 4117 4494 
563 957 2246 4012 4118 4495 
564 958 2247 4013 4119 4496 
565 959 2248 4014 4120 4497 
566 960 2249 4015 4121 4498 
567 961 2250 4016 4122 4499 
568 962 2251 4017 4123 4500 
569 963 2252 4018 4124 4501 
570 964 2253 4019 4125 4502 
571 965 2254 4020 4126 4503 
572 966 2255 4021 4127 4504 
573 967 2256 4022 4128 4505 
574 968 2257 4023 4129 4506 
575 969 2258 4024 4130 4507 
576 970 2259 4025 4131 4508 
577 971 2260 4026 4132 4509 
578 972 2261 4027 4133 4510 
579 973 2262 4028 4134 4511 
580 974 2263 4029 4135 4512 
581 975 2264 4030 4136 4513 
582 976 2265 4031 4137 4514 
583 977 2266 4032 4138 4515 
584 815 2267 4033 4139 4516 
585 816 2268 4034 4140 4517 
586 817 2269 4035 4141 4518 
587 818 2270 4036 4142 4519 
588 819 2271 4037 4143 4520 
589 820 2272 4038 4144 4521 
590 821 2273 4039 4145 4522 
591 822 2274 4040 4146 4523 
592 823 2275 4041 4147 4524 
593 824 2276 4042 4148 4525 
594 825 2277 4043 4149 4526 
595 826 2278 4044 4150 4527 
596 827 2279 4045 4151 4528 
597 828 2280 4046 4152 4529 
598 829 2281 4047 4153 4530 
599 830 2119 4048 4154 4531 
600 831 2120 4049 4155 4532 
601 832 2121 4050 4156 4533 
602 833 2122 4051 4157 4534 
603 834 2123 4052 4158 4535 
604 835 2124 4053 4159 4536 
605 836 2125 4054 4160 4537 
606 837 2126 4055 4161 4538 
607 838 2127 4056 4162 4539 
608 839 2128 4057 4163 4540 
609 840 2129 4058 4164 4541 
610 841 2130 4059 4165 4542 
611 842 2131 4060 4166 4543 
612 843 2132 4061 4167 4544 
613 844 2133 4062 4168 4545 
614 845 2134 4063 4169 4546 
615 846 2135 4064 4170 4547 
616 847 2136 4065 4171 4548 
617 848 2137 4066 4172 4549 
618 849 2138 4067 4173 4550 
619 850 2139 4068 4174 4551 
620 851 2140 4069 4175 4552 
621 852 2141 4070 4176 4553 
622 853 2142 4071 4177 4554 
623 854 2143 4072 4178 4555 
624 855 2144 4073 4179 4556 
625 856 2145 4074 4180 4557 
626 857 2146 3912 4181 4558 
627 858 2147 3913 4182 4559 
628 859 2148 3914 4183 4560 
629 860 2149 3915 4184 4561 
630 861 2150 3916 4185 4562 
631 862 2151 3917 4186 4563 
632 863 2152 3918 4187 4401 
633 864 2153 3919 4188 4402 
634 865 2154 3920 4189 4403 
635 866 2155 3921 4190 4404 
636 867 2156 3922 4191 4405 
637 868 2157 3923 4192 4406 
638 869 2158 3924 4193 4407 
639 870 2159 3925 4194 4408 
640 871 2160 3926 4195 4409 
641 872 2161 3927 4196 4410 
642 873 2162 3928 4197 4411 
643 874 2163 3929 4198 4412 
644 875 2164 3930 4199 4413 
645 876 2165 3931 4200 4414 
646 877 2166 3932 4201 4415 
647 878 2167 3933 4202 4416 
648 879 2168 3934 4203 4417 
649 880 2169 3935 4204 4418 
650 881 2170 3936 4205 4419 
651 882 2171 3937 4206 4420 
489 883 2172 3938 4207 4421 
490 884 2173 3939 4208 4422 
491 885 2174 3940 4209 4423 
492 886 2175 3941 4210 4424 
493 887 2176 3942 4211 4425 
494 888 2177 3943 4212 4426 
495 889 2178 3944 4213 4427 
496 890 2179 3945 4214 4428 
497 891 2180 3946 4215 4429 
498 892 2181 3947 4216 4430 
499 893 2182 3948 4217 4431 
500 894 2183 3949 4218 4432 
501 895 2184 3950 4219 4433 
502 896 2185 3951 4220 4434 
503 897 2186 3952 4221 4435 
504 898 2187 3953 4222 4436 
505 899 2188 3954 4223 4437 
506 900 2189 3955 4224 4438 
507 901 2190 3956 4225 4439 
508 902 2191 3957 4226 4440 
509 903 2192 3958 4227 4441 
510 904 2193 3959 4228 4442 
511 905 2194 3960 4229 4443 
512 906 2195 3961 4230 4444 
513 907 2196 3962 4231 4445 
514 908 2197 3963 4232 4446 
515 909 2198 3964 4233 4447 
516 910 2199 3965 4234 4448 
517 911 2200 3966 4235 4449 
518 912 2201 3967 4236 4450 
519 913 2202 3968 4237 4451 
520 914 2203 3969 4075 4452 
521 915 2204 3970 4076 4453 
522 916 2205 3971 4077 4454 
110 1079 2419 3976 4114 4345 
111 1080 2420 3977 4115 4346 
112 1081 2421 3978 4116 4347 
113 1082 2422 3979 4117 4348 
114 1083 2423 3980 4118 4349 
115 1084 2424 3981 4119 4350 
116 1085 2425 3982 4120 4351 
117 1086 2426 3983 4121 4352 
118 1087 2427 3984 4122 4353 
119 1088 2428 3985 4123 4354 
120 1089 2429 3986 4124 4355 
121 1090 2430 3987 4125 4356 
122 1091 2431 3988 4126 4357 
123 1092 2432 3989 4127 4358 
124 1093 2433 3990 4128 4359 
125 1094 2434 3991 4129 4360 
126 1095 2435 3992 4130 4361 
127 1096 2436 3993 4131 4362 
128 1097 2437 3994 4132 4363 
129 1098 2438 3995 4133 4364 
130 1099 2439 3996 4134 4365 
131 1100 2440 3997 4135 4366 
132 1101 2441 3998 4136 4367 
133 1102 2442 3999 4137 4368 
134 1103 2443 4000 4138 4369 
135 1104 2444 4001 4139 4370 
136 1105 2282 4002 4140 4371 
137 1106 2283 4003 4141 4372 
138 1107 2284 4004 4142 4373 
139 1108 2285 4005 4143 4374 
140 1109 2286 4006 4144 4375 
141 1110 2287 4007 4145 4376 
142 1111 2288 4008 4146 4377 
143 1112 2289 4009 4147 4378 
144 1113 2290 4010 4148 4379 
145 1114 2291 4011 4149 4380 
146 1115 2292 4012 4150 4381 
147 1116 2293 4013 4151 4382 
148 1117 2294 4014 4152 4383 
149 1118 2295 4015 4153 4384 
150 1119 2296 4016 4154 4385 
151 1120 2297 4017 4155 4386 
152 1121 2298 4018 4156 4387 
153 1122 2299 4019 4157 4388 
154 1123 2300 4020 4158 4389 
155 1124 2301 4021 4159 4390 
156 1125 2302 4022 4160 4391 
157 1126 2303 4023 4161 4392 
158 1127 2304 4024 4162 4393 
159 1128 2305 4025 4163 4394 
160 1129 2306 4026 4164 4395 
161 1130 2307 4027 4165 4396 
162 1131 2308 4028 4166 4397 
0 1132 2309 4029 4167 4398 
1 1133 2310 4030 4168 4399 
2 1134 2311 4031 4169 4400 
3 1135 2312 4032 4170 4238 
4 1136 2313 4033 4171 4239 
5 1137 2314 4034 4172 4240 
6 1138 2315 4035 4173 4241 
7 1139 2316 4036 4174 4242 
8 1140 2317 4037 4175 4243 
9 978 2318 4038 4176 4244 
10 979 2319 4039 4177 4245 
11 980 2320 4040 4178 4246 
12 981 2321 4041 4179 4247 
13 982 2322 4042 4180 4248 
14 983 2323 4043 4181 4249 
15 984 2324 4044 4182 4250 
16 985 2325 4045 4183 4251 
17 986 2326 4046 4184 4252 
18 987 2327 4047 4185 4253 
19 988 2328 4048 4186 4254 
20 989 2329 4049 4187 4255 
21 990 2330 4050 4188 4256 
22 991 2331 4051 4189 4257 
23 992 2332 4052 4190 4258 
24 993 2333 4053 4191 4259 
25 994 2334 4054 4192 4260 
26 995 2335 4055 4193 4261 
27 996 2336 4056 4194 4262 
28 997 2337 4057 4195 4263 
29 998 2338 4058 4196 4264 
30 999 2339 4059 4197 4265 
31 1000 2340 4060 4198 4266 
32 1001 2341 4061 4199 4267 
33 1002 2342 4062 4200 4268 
34 1003 2343 4063 4201 4269 
35 1004 2344 4064 4202 4270 
36 1005 2345 4065 4203 4271 
37 1006 2346 4066 4204 4272 
38 1007 2347 4067 4205 4273 
39 1008 2348 4068 4206 4274 
40 1009 2349 4069 4207 4275 
41 1010 2350 4070 4208 4276 
42 1011 2351 4071 4209 4277 
43 1012 2352 4072 4210 4278 
44 1013 2353 4073 4211 4279 
45 1014 2354 4074 4212 4280 
46 1015 2355 3912 4213 4281 
47 1016 2356 3913 4214 4282 
48 1017 2357 3914 4215 4283 
49 1018 2358 3915 4216 4284 
50 1019 2359 3916 4217 4285 
51 1020 2360 3917 4218 4286 
52 1021 2361 3918 4219 4287 
53 1022 2362 3919 4220 4288 
54 1023 2363 3920 4221 4289 
55 1024 2364 3921 4222 4290 
56 1025 2365 3922 4223 4291 
57 1026 2366 3923 4224 4292 
58 1027 2367 3924 4225 4293 
59 1028 2368 3925 4226 4294 
60 1029 2369 3926 4227 4295 
61 1030 2370 3927 4228 4296 
62 1031 2371 3928 4229 4297 
63 1032 2372 3929 4230 4298 
64 1033 2373 3930 4231 4299 
65 1034 2374 3931 4232 4300 
66 1035 2375 3932 4233 4301 
67 1036 2376 3933 4234 4302 
68 1037 2377 3934 4235 4303 
69 1038 2378 3935 4236 4304 
70 1039 2379 3936 4237 4305 
71 1040 2380 3937 4075 4306 
72 1041 2381 3938 4076 4307 
73 1042 2382 3939 4077 4308 
74 1043 2383 3940 4078 4309 
75 1044 2384 3941 4079 4310 
76 1045 2385 3942 4080 4311 
77 1046 2386 3943 4081 4312 
78 1047 2387 3944 4082 4313 
79 1048 2388 3945 4083 4314 
80 1049 2389 3946 4084 4315 
81 1050 2390 3947 4085 4316 
82 1051 2391 3948 4086 4317 
83 1052 2392 3949 4087 4318 
84 1053 2393 3950 4088 4319 
85 1054 2394 3951 4089 4320 
86 1055 2395 3952 4090 4321 
87 1056 2396 3953 4091 4322 
88 1057 2397 3954 4092 4323 
89 1058 2398 3955 4093 4324 
90 1059 2399 3956 4094 4325 
91 1060 2400 3957 4095 4326 
92 1061 2401 3958 4096 4327 
93 1062 2402 3959 4097 4328 
94 1063 2403 3960 4098 4329 
95 1064 2404 3961 4099 4330 
96 1065 2405 3962 4100 4331 
97 1066 2406 3963 4101 4332 
98 1067 2407 3964 4102 4333 
99 1068 2408 3965 4103 4334 
100 1069 2409 3966 4104 4335 
101 1070 2410 3967 4105 4336 
102 1071 2411 3968 4106 4337 
103 1072 2412 3969 4107 4338 
104 1073 2413 3970 4108 4339 
105 1074 2414 3971 4109 4340 
106 1075 2415 3972 4110 4341 
107 1076 2416 3973 4111 4342 
108 1077 2417 3974 4112 4343 
109 1078 2418 3975 4113 4344 
632 716 1210 2034 2240 4282 
633 717 1211 2035 2241 4283 
634 718 1212 2036 2242 4284 
635 719 1213 2037 2243 4285 
636 720 1214 2038 2244 4286 
637 721 1215 2039 2245 4287 
638 722 1216 2040 2246 4288 
639 723 1217 2041 2247 4289 
640 724 1218 2042 2248 4290 
641 725 1219 2043 2249 4291 
642 726 1220 2044 2250 4292 
643 727 1221 2045 2251 4293 
644 728 1222 2046 2252 4294 
645 729 1223 2047 2253 4295 
646 730 1224 2048 2254 4296 
647 731 1225 2049 2255 4297 
648 732 1226 2050 2256 4298 
649 733 1227 2051 2257 4299 
650 734 1228 2052 2258 4300 
651 735 1229 2053 2259 4301 
489 736 1230 2054 2260 4302 
490 737 1231 2055 2261 4303 
491 738 1232 2056 2262 4304 
492 739 1233 2057 2263 4305 
493 740 1234 2058 2264 4306 
494 741 1235 2059 2265 4307 
495 742 1236 2060 2266 4308 
496 743 1237 2061 2267 4309 
497 744 1238 2062 2268 4310 
498 745 1239 2063 2269 4311 
499 746 1240 2064 2270 4312 
500 747 1241 2065 2271 4313 
501 748 1242 2066 2272 4314 
502 749 1243 2067 2273 4315 
503 750 1244 2068 2274 4316 
504 751 1245 2069 2275 4317 
505 752 1246 2070 2276 4318 
506 753 1247 2071 2277 4319 
507 754 1248 2072 2278 4320 
508 755 1249 2073 2279 4321 
509 756 1250 2074 2280 4322 
510 757 1251 2075 2281 4323 
511 758 1252 2076 2119 4324 
512 759 1253 2077 2120 4325 
513 760 1254 2078 2121 4326 
514 761 1255 2079 2122 4327 
515 762 1256 2080 2123 4328 
516 763 1257 2081 2124 4329 
517 764 1258 2082 2125 4330 
518 765 1259 2083 2126 4331 
519 766 1260 2084 2127 4332 
520 767 1261 2085 2128 4333 
521 768 1262 2086 2129 4334 
522 769 1263 2087 2130 4335 
523 770 1264 2088 2131 4336 
524 771 1265 2089 2132 4337 
525 772 1266 2090 2133 4338 
526 773 1267 2091 2134 4339 
527 774 1268 2092 2135 4340 
528 775 1269 2093 2136 4341 
529 776 1270 2094 2137 4342 
530 777 1271 2095 2138 4343 
531 778 1272 2096 2139 4344 
532 779 1273 2097 2140 4345 
533 780 1274 2098 2141 4346 
534 781 1275 2099 2142 4347 
535 782 1276 2100 2143 4348 
536 783 1277 2101 2144 4349 
537 784 1278 2102 2145 4350 
538 785 1279 2103 2146 4351 
539 786 1280 2104 2147 4352 
540 787 1281 2105 2148 4353 
541 788 1282 2106 2149 4354 
542 789 1283 2107 2150 4355 
543 790 1284 2108 2151 4356 
544 791 1285 2109 2152 4357 
545 792 1286 2110 2153 4358 
546 793 1287 2111 2154 4359 
547 794 1288 2112 2155 4360 
548 795 1289 2113 2156 4361 
549 796 1290 2114 2157 4362 
550 797 1291 2115 2158 4363 
551 798 1292 2116 2159 4364 
552 799 1293 2117 2160 4365 
553 800 1294 2118 2161 4366 
554 801 1295 1956 2162 4367 
555 802 1296 1957 2163 4368 
556 803 1297 1958 2164 4369 
557 804 1298 1959 2165 4370 
558 805 1299 1960 2166 4371 
559 806 1300 1961 2167 4372 
560 807 1301 1962 2168 4373 
561 808 1302 1963 2169 4374 
562 809 1303 1964 2170 4375 
563 810 1141 1965 2171 4376 
564 811 1142 1966 2172 4377 
565 812 1143 1967 2173 4378 
566 813 1144 1968 2174 4379 
567 814 1145 1969 2175 4380 
568 652 1146 1970 2176 4381 
569 653 1147 1971 2177 4382 
570 654 1148 1972 2178 4383 
571 655 1149 1973 2179 4384 
572 656 1150 1974 2180 4385 
573 657 1151 1975 2181 4386 
574 658 1152 1976 2182 4387 
575 659 1153 1977 2183 4388 
576 660 1154 1978 2184 4389 
577 661 1155 1979 2185 4390 
578 662 1156 1980 2186 4391 
579 663 1157 1981 2187 4392 
580 664 1158 1982 2188 4393 
581 665 1159 1983 2189 4394 
582 666 1160 1984 2190 4395 
583 667 1161 1985 2191 4396 
584 668 1162 1986 2192 4397 
585 669 1163 1987 2193 4398 
586 670 1164 1988 2194 4399 
587 671 1165 1989 2195 4400 
588 672 1166 1990 2196 4238 
589 673 1167 1991 2197 4239 
590 674 1168 1992 2198 4240 
591 675 1169 1993 2199 4241 
592 676 1170 1994 2200 4242 
593 677 1171 1995 2201 4243 
594 678 1172 1996 2202 4244 
595 679 1173 1997 2203 4245 
596 680 1174 1998 2204 4246 
597 681 1175 1999 2205 4247 
598 682 1176 2000 2206 4248 
599 683 1177 2001 2207 4249 
600 684 1178 2002 2208 4250 
601 685 1179 2003 2209 4251 
602 686 1180 2004 2210 4252 
603 687 1181 2005 2211 4253 
604 688 1182 2006 2212 4254 
605 689 1183 2007 2213 4255 
606 690 1184 2008 2214 4256 
607 691 1185 2009 2215 4257 
608 692 1186 2010 2216 4258 
609 693 1187 2011 2217 4259 
610 694 1188 2012 2218 4260 
611 695 1189 2013 2219 4261 
612 696 1190 2014 2220 4262 
613 697 1191 2015 2221 4263 
614 698 1192 2016 2222 4264 
615 699 1193 2017 2223 4265 
616 700 1194 2018 2224 4266 
617 701 1195 2019 2225 4267 
618 702 1196 2020 2226 4268 
619 703 1197 2021 2227 4269 
620 704 1198 2022 2228 4270 
621 705 1199 2023 2229 4271 
622 706 1200 2024 2230 4272 
623 707 1201 2025 2231 4273 
624 708 1202 2026 2232 4274 
625 709 1203 2027 2233 4275 
626 710 1204 2028 2234 4276 
627 711 1205 2029 2235 4277 
628 712 1206 2030 2236 4278 
629 713 1207 2031 2237 4279 
630 714 1208 2032 2238 4280 
631 715 1209 2033 2239 4281 
76 813 958 2164 2403 4507 
77 814 959 2165 2404 4508 
78 652 960 2166 2405 4509 
79 653 961 2167 2406 4510 
80 654 962 2168 2407 4511 
81 655 963 2169 2408 4512 
82 656 964 2170 2409 4513 
83 657 965 2171 2410 4514 
84 658 966 2172 2411 4515 
85 659 967 2173 2412 4516 
86 660 968 2174 2413 4517 
87 661 969 2175 2414 4518 
88 662 970 2176 2415 4519 
89 663 971 2177 2416 4520 
90 664 972 2178 2417 4521 
91 665 973 2179 2418 4522 
92 666 974 2180 2419 4523 
93 667 975 2181 2420 4524 
94 668 976 2182 2421 4525 
95 669 977 2183 2422 4526 
96 670 815 2184 2423 4527 
97 671 816 2185 2424 4528 
98 672 817 2186 2425 4529 
99 673 818 2187 2426 4530 
100 674 819 2188 2427 4531 
101 675 820 2189 2428 4532 
102 676 821 2190 2429 4533 
103 677 822 2191 2430 4534 
104 678 823 2192 2431 4535 
105 679 824 2193 2432 4536 
106 680 825 2194 2433 4537 
107 681 826 2195 2434 4538 
108 682 827 2196 2435 4539 
109 683 828 2197 2436 4540 
110 684 829 2198 2437 4541 
111 685 830 2199 2438 4542 
112 686 831 2200 2439 4543 
113 687 832 2201 2440 4544 
114 688 833 2202 2441 4545 
115 689 834 2203 2442 4546 
116 690 835 2204 2443 4547 
117 691 836 2205 2444 4548 
118 692 837 2206 2282 4549 
119 693 838 2207 2283 4550 
120 694 839 2208 2284 4551 
121 695 840 2209 2285 4552 
122 696 841 2210 2286 4553 
123 697 842 2211 2287 4554 
124 698 843 2212 2288 4555 
125 699 844 2213 2289 4556 
126 700 845 2214 2290 4557 
127 701 846 2215 2291 4558 
128 702 847 2216 2292 4559 
129 703 848 2217 2293 4560 
130 704 849 2218 2294 4561 
131 705 850 2219 2295 4562 
132 706 851 2220 2296 4563 
133 707 852 2221 2297 4401 
134 708 853 2222 2298 4402 
135 709 854 2223 2299 4403 
136 710 855 2224 2300 4404 
137 711 856 2225 2301 4405 
138 712 857 2226 2302 4406 
139 713 858 2227 2303 4407 
140 714 859 2228 2304 4408 
141 715 860 2229 2305 4409 
142 716 861 2230 2306 4410 
143 717 862 2231 2307 4411 
144 718 863 2232 2308 4412 
145 719 864 2233 2309 4413 
146 720 865 2234 2310 4414 
147 721 866 2235 2311 4415 
148 722 867 2236 2312 4416 
149 723 868 2237 2313 4417 
150 724 869 2238 2314 4418 
151 725 870 2239 2315 4419 
152 726 871 2240 2316 4420 
153 727 872 2241 2317 4421 
154 728 873 2242 2318 4422 
155 729 874 2243 2319 4423 
156 730 875 2244 2320 4424 
157 731 876 2245 2321 4425 
158 732 877 2246 2322 4426 
159 733 878 2247 2323 4427 
160 734 879 2248 2324 4428 
161 735 880 2249 2325 4429 
162 736 881 2250 2326 4430 
0 737 882 2251 2327 4431 
1 738 883 2252 2328 4432 
2 739 884 2253 2329 4433 
3 740 885 2254 2330 4434 
4 741 886 2255 2331 4435 
5 742 887 2256 2332 4436 
6 743 888 2257 2333 4437 
7 744 889 2258 2334 4438 
8 745 890 2259 2335 4439 
9 746 891 2260 2336 4440 
10 747 892 2261 2337 4441 
11 748 893 2262 2338 4442 
12 749 894 2263 2339 4443 
13 750 895 2264 2340 4444 
14 751 896 2265 2341 4445 
15 752 897 2266 2342 4446 
16 753 898 2267 2343 4447 
17 754 899 2268 2344 4448 
18 755 900 2269 2345 4449 
19 756 901 2270 2346 4450 
20 757 902 2271 2347 4451 
21 758 903 2272 2348 4452 
22 759 904 2273 2349 4453 
23 760 905 2274 2350 4454 
24 761 906 2275 2351 4455 
25 762 907 2276 2352 4456 
26 763 908 2277 2353 4457 
27 764 909 2278 2354 4458 
28 765 910 2279 2355 4459 
29 766 911 2280 2356 4460 
30 767 912 2281 2357 4461 
31 768 913 2119 2358 4462 
32 769 914 2120 2359 4463 
33 770 915 2121 2360 4464 
34 771 916 2122 2361 4465 
35 772 917 2123 2362 4466 
36 773 918 2124 2363 4467 
37 774 919 2125 2364 4468 
38 775 920 2126 2365 4469 
39 776 921 2127 2366 4470 
40 777 922 2128 2367 4471 
41 778 923 2129 2368 4472 
42 779 924 2130 2369 4473 
43 780 925 2131 2370 4474 
44 781 926 2132 2371 4475 
45 782 927 2133 2372 4476 
46 783 928 2134 2373 4477 
47 784 929 2135 2374 4478 
48 785 930 2136 2375 4479 
49 786 931 2137 2376 4480 
50 787 932 2138 2377 4481 
51 788 933 2139 2378 4482 
52 789 934 2140 2379 4483 
53 790 935 2141 2380 4484 
54 791 936 2142 2381 4485 
55 792 937 2143 2382 4486 
56 793 938 2144 2383 4487 
57 794 939 2145 2384 4488 
58 795 940 2146 2385 4489 
59 796 941 2147 2386 4490 
60 797 942 2148 2387 4491 
61 798 943 2149 2388 4492 
62 799 944 2150 2389 4493 
63 800 945 2151 2390 4494 
64 801 946 2152 2391 4495 
65 802 947 2153 2392 4496 
66 803 948 2154 2393 4497 
67 804 949 2155 2394 4498 
68 805 950 2156 2395 4499 
69 806 951 2157 2396 4500 
70 807 952 2158 2397 4501 
71 808 953 2159 2398 4502 
72 809 954 2160 2399 4503 
73 810 955 2161 2400 4504 
74 811 956 2162 2401 4505 
75 812 957 2163 2402 4506 
234 909 979 2383 2607 4064 
235 910 980 2384 2445 4065 
236 911 981 2385 2446 4066 
237 912 982 2386 2447 4067 
238 913 983 2387 2448 4068 
239 914 984 2388 2449 4069 
240 915 985 2389 2450 4070 
241 916 986 2390 2451 4071 
242 917 987 2391 2452 4072 
243 918 988 2392 2453 4073 
244 919 989 2393 2454 4074 
245 920 990 2394 2455 3912 
246 921 991 2395 2456 3913 
247 922 992 2396 2457 3914 
248 923 993 2397 2458 3915 
249 924 994 2398 2459 3916 
250 925 995 2399 2460 3917 
251 926 996 2400 2461 3918 
252 927 997 2401 2462 3919 
253 928 998 2402 2463 3920 
254 929 999 2403 2464 3921 
255 930 1000 2404 2465 3922 
256 931 1001 2405 2466 3923 
257 932 1002 2406 2467 3924 
258 933 1003 2407 2468 3925 
259 934 1004 2408 2469 3926 
260 935 1005 2409 2470 3927 
261 936 1006 2410 2471 3928 
262 937 1007 2411 2472 3929 
263 938 1008 2412 2473 3930 
264 939 1009 2413 2474 3931 
265 940 1010 2414 2475 3932 
266 941 1011 2415 2476 3933 
267 942 1012 2416 2477 3934 
268 943 1013 2417 2478 3935 
269 944 1014 2418 2479 3936 
270 945 1015 2419 2480 3937 
271 946 1016 2420 2481 3938 
272 947 1017 2421 2482 3939 
273 948 1018 2422 2483 3940 
274 949 1019 2423 2484 3941 
275 950 1020 2424 2485 3942 
276 951 1021 2425 2486 3943 
277 952 1022 2426 2487 3944 
278 953 1023 2427 2488 3945 
279 954 1024 2428 2489 3946 
280 955 1025 2429 2490 3947 
281 956 1026 2430 2491 3948 
282 957 1027 2431 2492 3949 
283 958 1028 2432 2493 3950 
284 959 1029 2433 2494 3951 
285 960 1030 2434 2495 3952 
286 961 1031 2435 2496 3953 
287 962 1032 2436 2497 3954 
288 963 1033 2437 2498 3955 
289 964 1034 2438 2499 3956 
290 965 1035 2439 2500 3957 
291 966 1036 2440 2501 3958 
292 967 1037 2441 2502 3959 
293 968 1038 2442 2503 3960 
294 969 1039 2443 2504 3961 
295 970 1040 2444 2505 3962 
296 971 1041 2282 2506 3963 
297 972 1042 2283 2507 3964 
298 973 1043 2284 2508 3965 
299 974 1044 2285 2509 3966 
300 975 1045 2286 2510 3967 
301 976 1046 2287 2511 3968 
302 977 1047 2288 2512 3969 
303 815 1048 2289 2513 3970 
304 816 1049 2290 2514 3971 
305 817 1050 2291 2515 3972 
306 818 1051 2292 2516 3973 
307 819 1052 2293 2517 3974 
308 820 1053 2294 2518 3975 
309 821 1054 2295 2519 3976 
310 822 1055 2296 2520 3977 
311 823 1056 2297 2521 3978 
312 824 1057 2298 2522 3979 
313 825 1058 2299 2523 3980 
314 826 1059 2300 2524 3981 
315 827 1060 2301 2525 3982 
316 828 1061 2302 2526 3983 
317 829 1062 2303 2527 3984 
318 830 1063 2304 2528 3985 
319 831 1064 2305 2529 3986 
320 832 1065 2306 2530 3987 
321 833 1066 2307 2531 3988 
322 834 1067 2308 2532 3989 
323 835 1068 2309 2533 3990 
324 836 1069 2310 2534 3991 
325 837 1070 2311 2535 3992 
163 838 1071 2312 2536 3993 
164 839 1072 2313 2537 3994 
165 840 1073 2314 2538 3995 
166 841 1074 2315 2539 3996 
167 842 1075 2316 2540 3997 
168 843 1076 2317 2541 3998 
169 844 1077 2318 2542 3999 
170 845 1078 2319 2543 4000 
171 846 1079 2320 2544 4001 
172 847 1080 2321 2545 4002 
173 848 1081 2322 2546 4003 
174 849 1082 2323 2547 4004 
175 850 1083 2324 2548 4005 
176 851 1084 2325 2549 4006 
177 852 1085 2326 2550 4007 
178 853 1086 2327 2551 4008 
179 854 1087 2328 2552 4009 
180 855 1088 2329 2553 4010 
181 856 1089 2330 2554 4011 
182 857 1090 2331 2555 4012 
183 858 1091 2332 2556 4013 
184 859 1092 2333 2557 4014 
185 860 1093 2334 2558 4015 
186 861 1094 2335 2559 4016 
187 862 1095 2336 2560 4017 
188 863 1096 2337 2561 4018 
189 864 1097 2338 2562 4019 
190 865 1098 2339 2563 4020 
191 866 1099 2340 2564 4021 
192 867 1100 2341 2565 4022 
193 868 1101 2342 2566 4023 
194 869 1102 2343 2567 4024 
195 870 1103 2344 2568 4025 
196 871 1104 2345 2569 4026 
197 872 1105 2346 2570 4027 
198 873 1106 2347 2571 4028 
199 874 1107 2348 2572 4029 
200 875 1108 2349 2573 4030 
201 876 1109 2350 2574 4031 
202 877 1110 2351 2575 4032 
203 878 1111 2352 2576 4033 
204 879 1112 2353 2577 4034 
205 880 1113 2354 2578 4035 
206 881 1114 2355 2579 4036 
207 882 1115 2356 2580 4037 
208 883 1116 2357 2581 4038 
209 884 1117 2358 2582 4039 
210 885 1118 2359 2583 4040 
211 886 1119 2360 2584 4041 
212 887 1120 2361 2585 4042 
213 888 1121 2362 2586 4043 
214 889 1122 2363 2587 4044 
215 890 1123 2364 2588 4045 
216 891 1124 2365 2589 4046 
217 892 1125 2366 2590 4047 
218 893 1126 2367 2591 4048 
219 894 1127 2368 2592 4049 
220 895 1128 2369 2593 4050 
221 896 1129 2370 2594 4051 
222 897 1130 2371 2595 4052 
223 898 1131 2372 2596 4053 
224 899 1132 2373 2597 4054 
225 900 1133 2374 2598 4055 
226 901 1134 2375 2599 4056 
227 902 1135 2376 2600 4057 
228 903 1136 2377 2601 4058 
229 904 1137 2378 2602 4059 
230 905 1138 2379 2603 4060 
231 906 1139 2380 2604 4061 
232 907 1140 2381 2605 4062 
233 908 978 2382 2606 4063 
326 1096 1246 2076 2594 4217 
327 1097 1247 2077 2595 4218 
328 1098 1248 2078 2596 4219 
329 1099 1249 2079 2597 4220 
330 1100 1250 2080 2598 4221 
331 1101 1251 2081 2599 4222 
332 1102 1252 2082 2600 4223 
333 1103 1253 2083 2601 4224 
334 1104 1254 2084 2602 4225 
335 1105 1255 2085 2603 4226 
336 1106 1256 2086 2604 4227 
337 1107 1257 2087 2605 4228 
338 1108 1258 2088 2606 4229 
339 1109 1259 2089 2607 4230 
340 1110 1260 2090 2445 4231 
341 1111 1261 2091 2446 4232 
342 1112 1262 2092 2447 4233 
343 1113 1263 2093 2448 4234 
344 1114 1264 2094 2449 4235 
345 1115 1265 2095 2450 4236 
346 1116 1266 2096 2451 4237 
347 1117 1267 2097 2452 4075 
348 1118 1268 2098 2453 4076 
349 1119 1269 2099 2454 4077 
350 1120 1270 2100 2455 4078 
351 1121 1271 2101 2456 4079 
352 1122 1272 2102 2457 4080 
353 1123 1273 2103 2458 4081 
354 1124 1274 2104 2459 4082 
355 1125 1275 2105 2460 4083 
356 1126 1276 2106 2461 4084 
357 1127 1277 2107 2462 4085 
358 1128 1278 2108 2463 4086 
359 1129 1279 2109 2464 4087 
360 1130 1280 2110 2465 4088 
361 1131 1281 2111 2466 4089 
362 1132 1282 2112 2467 4090 
363 1133 1283 2113 2468 4091 
364 1134 1284 2114 2469 4092 
365 1135 1285 2115 2470 4093 
366 1136 1286 2116 2471 4094 
367 1137 1287 2117 2472 4095 
368 1138 1288 2118 2473 4096 
369 1139 1289 1956 2474 4097 
370 1140 1290 1957 2475 4098 
371 978 1291 1958 2476 4099 
372 979 1292 1959 2477 4100 
373 980 1293 1960 2478 4101 
374 981 1294 1961 2479 4102 
375 982 1295 1962 2480 4103 
376 983 1296 1963 2481 4104 
377 984 1297 1964 2482 4105 
378 985 1298 1965 2483 4106 
379 986 1299 1966 2484 4107 
380 987 1300 1967 2485 4108 
381 988 1301 1968 2486 4109 
382 989 1302 1969 2487 4110 
383 990 1303 1970 2488 4111 
384 991 1141 1971 2489 4112 
385 992 1142 1972 2490 4113 
386 993 1143 1973 2491 4114 
387 994 1144 1974 2492 4115 
388 995 1145 1975 2493 4116 
389 996 1146 1976 2494 4117 
390 997 1147 1977 2495 4118 
391 998 1148 1978 2496 4119 
392 999 1149 1979 2497 4120 
393 1000 1150 1980 2498 4121 
394 1001 1151 1981 2499 4122 
395 1002 1152 1982 2500 4123 
396 1003 1153 1983 2501 4124 
397 1004 1154 1984 2502 4125 
398 1005 1155 1985 2503 4126 
399 1006 1156 1986 2504 4127 
400 1007 1157 1987 2505 4128 
401 1008 1158 1988 2506 4129 
402 1009 1159 1989 2507 4130 
403 1010 1160 1990 2508 4131 
404 1011 1161 1991 2509 4132 
405 1012 1162 1992 2510 4133 
406 1013 1163 1993 2511 4134 
407 1014 1164 1994 2512 4135 
408 1015 1165 1995 2513 4136 
409 1016 1166 1996 2514 4137 
410 1017 1167 1997 2515 4138 
411 1018 1168 1998 2516 4139 
412 1019 1169 1999 2517 4140 
413 1020 1170 2000 2518 4141 
414 1021 1171 2001 2519 4142 
415 1022 1172 2002 2520 4143 
416 1023 1173 2003 2521 4144 
417 1024 1174 2004 2522 4145 
418 1025 1175 2005 2523 4146 
419 1026 1176 2006 2524 4147 
420 1027 1177 2007 2525 4148 
421 1028 1178 2008 2526 4149 
422 1029 1179 2009 2527 4150 
423 1030 1180 2010 2528 4151 
424 1031 1181 2011 2529 4152 
425 1032 1182 2012 2530 4153 
426 1033 1183 2013 2531 4154 
427 1034 1184 2014 2532 4155 
428 1035 1185 2015 2533 4156 
429 1036 1186 2016 2534 4157 
430 1037 1187 2017 2535 4158 
431 1038 1188 2018 2536 4159 
432 1039 1189 2019 2537 4160 
433 1040 1190 2020 2538 4161 
434 1041 1191 2021 2539 4162 
435 1042 1192 2022 2540 4163 
436 1043 1193 2023 2541 4164 
437 1044 1194 2024 2542 4165 
438 1045 1195 2025 2543 4166 
439 1046 1196 2026 2544 4167 
440 1047 1197 2027 2545 4168 
441 1048 1198 2028 2546 4169 
442 1049 1199 2029 2547 4170 
443 1050 1200 2030 2548 4171 
444 1051 1201 2031 2549 4172 
445 1052 1202 2032 2550 4173 
446 1053 1203 2033 2551 4174 
447 1054 1204 2034 2552 4175 
448 1055 1205 2035 2553 4176 
449 1056 1206 2036 2554 4177 
450 1057 1207 2037 2555 4178 
451 1058 1208 2038 2556 4179 
452 1059 1209 2039 2557 4180 
453 1060 1210 2040 2558 4181 
454 1061 1211 2041 2559 4182 
455 1062 1212 2042 2560 4183 
456 1063 1213 2043 2561 4184 
457 1064 1214 2044 2562 4185 
458 1065 1215 2045 2563 4186 
459 1066 1216 2046 2564 4187 
460 1067 1217 2047 2565 4188 
461 1068 1218 2048 2566 4189 
462 1069 1219 2049 2567 4190 
463 1070 1220 2050 2568 4191 
464 1071 1221 2051 2569 4192 
465 1072 1222 2052 2570 4193 
466 1073 1223 2053 2571 4194 
467 1074 1224 2054 2572 4195 
468 1075 1225 2055 2573 4196 
469 1076 1226 2056 2574 4197 
470 1077 1227 2057 2575 4198 
471 1078 1228 2058 2576 4199 
472 1079 1229 2059 2577 4200 
473 1080 1230 2060 2578 4201 
474 1081 1231 2061 2579 4202 
475 1082 1232 2062 2580 4203 
476 1083 1233 2063 2581 4204 
477 1084 1234 2064 2582 4205 
478 1085 1235 2065 2583 4206 
479 1086 1236 2066 2584 4207 
480 1087 1237 2067 2585 4208 
481 1088 1238 2068 2586 4209 
482 1089 1239 2069 2587 4210 
483 1090 1240 2070 2588 4211 
484 1091 1241 2071 2589 4212 
485 1092 1242 2072 2590 4213 
486 1093 1243 2073 2591 4214 
487 1094 1244 2074 2592 4215 
488 1095 1245 2075 2593 4216 
