2165 3999 4346 
2166 4000 4347 
2167 4001 4348 
2168 4002 4349 
2169 4003 4350 
2170 4004 4351 
2171 4005 4352 
2172 4006 4353 
2173 4007 4354 
2174 4008 4355 
2175 4009 4356 
2176 4010 4357 
2177 4011 4358 
2178 4012 4359 
2179 4013 4360 
2180 4014 4361 
2181 4015 4362 
2182 4016 4363 
2183 4017 4364 
2184 4018 4365 
2185 4019 4366 
2186 4020 4367 
2187 4021 4368 
2188 4022 4369 
2189 4023 4370 
2190 4024 4371 
2191 4025 4372 
2192 4026 4373 
2193 4027 4374 
2194 4028 4375 
2195 4029 4376 
2196 4030 4377 
2197 4031 4378 
2198 4032 4379 
2199 4033 4380 
2200 4034 4381 
2201 4035 4382 
2202 4036 4383 
2203 4037 4384 
2204 4038 4385 
2205 4039 4386 
2206 4040 4387 
2207 4041 4388 
2208 4042 4389 
2209 4043 4390 
2210 4044 4391 
2211 4045 4392 
2212 4046 4393 
2213 4047 4394 
2214 4048 4395 
2215 4049 4396 
2216 4050 4397 
2217 4051 4398 
2218 4052 4399 
2219 4053 4400 
2220 4054 4238 
2221 4055 4239 
2222 4056 4240 
2223 4057 4241 
2224 4058 4242 
2225 4059 4243 
2226 4060 4244 
2227 4061 4245 
2228 4062 4246 
2229 4063 4247 
2230 4064 4248 
2231 4065 4249 
2232 4066 4250 
2233 4067 4251 
2234 4068 4252 
2235 4069 4253 
2236 4070 4254 
2237 4071 4255 
2238 4072 4256 
2239 4073 4257 
2240 4074 4258 
2241 3912 4259 
2242 3913 4260 
2243 3914 4261 
2244 3915 4262 
2245 3916 4263 
2246 3917 4264 
2247 3918 4265 
2248 3919 4266 
2249 3920 4267 
2250 3921 4268 
2251 3922 4269 
2252 3923 4270 
2253 3924 4271 
2254 3925 4272 
2255 3926 4273 
2256 3927 4274 
2257 3928 4275 
2258 3929 4276 
2259 3930 4277 
2260 3931 4278 
2261 3932 4279 
2262 3933 4280 
2263 3934 4281 
2264 3935 4282 
2265 3936 4283 
2266 3937 4284 
2267 3938 4285 
2268 3939 4286 
2269 3940 4287 
2270 3941 4288 
2271 3942 4289 
2272 3943 4290 
2273 3944 4291 
2274 3945 4292 
2275 3946 4293 
2276 3947 4294 
2277 3948 4295 
2278 3949 4296 
2279 3950 4297 
2280 3951 4298 
2281 3952 4299 
2119 3953 4300 
2120 3954 4301 
2121 3955 4302 
2122 3956 4303 
2123 3957 4304 
2124 3958 4305 
2125 3959 4306 
2126 3960 4307 
2127 3961 4308 
2128 3962 4309 
2129 3963 4310 
2130 3964 4311 
2131 3965 4312 
2132 3966 4313 
2133 3967 4314 
2134 3968 4315 
2135 3969 4316 
2136 3970 4317 
2137 3971 4318 
2138 3972 4319 
2139 3973 4320 
2140 3974 4321 
2141 3975 4322 
2142 3976 4323 
2143 3977 4324 
2144 3978 4325 
2145 3979 4326 
2146 3980 4327 
2147 3981 4328 
2148 3982 4329 
2149 3983 4330 
2150 3984 4331 
2151 3985 4332 
2152 3986 4333 
2153 3987 4334 
2154 3988 4335 
2155 3989 4336 
2156 3990 4337 
2157 3991 4338 
2158 3992 4339 
2159 3993 4340 
2160 3994 4341 
2161 3995 4342 
2162 3996 4343 
2163 3997 4344 
2164 3998 4345 
2342 4115 4493 
2343 4116 4494 
2344 4117 4495 
2345 4118 4496 
2346 4119 4497 
2347 4120 4498 
2348 4121 4499 
2349 4122 4500 
2350 4123 4501 
2351 4124 4502 
2352 4125 4503 
2353 4126 4504 
2354 4127 4505 
2355 4128 4506 
2356 4129 4507 
2357 4130 4508 
2358 4131 4509 
2359 4132 4510 
2360 4133 4511 
2361 4134 4512 
2362 4135 4513 
2363 4136 4514 
2364 4137 4515 
2365 4138 4516 
2366 4139 4517 
2367 4140 4518 
2368 4141 4519 
2369 4142 4520 
2370 4143 4521 
2371 4144 4522 
2372 4145 4523 
2373 4146 4524 
2374 4147 4525 
2375 4148 4526 
2376 4149 4527 
2377 4150 4528 
2378 4151 4529 
2379 4152 4530 
2380 4153 4531 
2381 4154 4532 
2382 4155 4533 
2383 4156 4534 
2384 4157 4535 
2385 4158 4536 
2386 4159 4537 
2387 4160 4538 
2388 4161 4539 
2389 4162 4540 
2390 4163 4541 
2391 4164 4542 
2392 4165 4543 
2393 4166 4544 
2394 4167 4545 
2395 4168 4546 
2396 4169 4547 
2397 4170 4548 
2398 4171 4549 
2399 4172 4550 
2400 4173 4551 
2401 4174 4552 
2402 4175 4553 
2403 4176 4554 
2404 4177 4555 
2405 4178 4556 
2406 4179 4557 
2407 4180 4558 
2408 4181 4559 
2409 4182 4560 
2410 4183 4561 
2411 4184 4562 
2412 4185 4563 
2413 4186 4401 
2414 4187 4402 
2415 4188 4403 
2416 4189 4404 
2417 4190 4405 
2418 4191 4406 
2419 4192 4407 
2420 4193 4408 
2421 4194 4409 
2422 4195 4410 
2423 4196 4411 
2424 4197 4412 
2425 4198 4413 
2426 4199 4414 
2427 4200 4415 
2428 4201 4416 
2429 4202 4417 
2430 4203 4418 
2431 4204 4419 
2432 4205 4420 
2433 4206 4421 
2434 4207 4422 
2435 4208 4423 
2436 4209 4424 
2437 4210 4425 
2438 4211 4426 
2439 4212 4427 
2440 4213 4428 
2441 4214 4429 
2442 4215 4430 
2443 4216 4431 
2444 4217 4432 
2282 4218 4433 
2283 4219 4434 
2284 4220 4435 
2285 4221 4436 
2286 4222 4437 
2287 4223 4438 
2288 4224 4439 
2289 4225 4440 
2290 4226 4441 
2291 4227 4442 
2292 4228 4443 
2293 4229 4444 
2294 4230 4445 
2295 4231 4446 
2296 4232 4447 
2297 4233 4448 
2298 4234 4449 
2299 4235 4450 
2300 4236 4451 
2301 4237 4452 
2302 4075 4453 
2303 4076 4454 
2304 4077 4455 
2305 4078 4456 
2306 4079 4457 
2307 4080 4458 
2308 4081 4459 
2309 4082 4460 
2310 4083 4461 
2311 4084 4462 
2312 4085 4463 
2313 4086 4464 
2314 4087 4465 
2315 4088 4466 
2316 4089 4467 
2317 4090 4468 
2318 4091 4469 
2319 4092 4470 
2320 4093 4471 
2321 4094 4472 
2322 4095 4473 
2323 4096 4474 
2324 4097 4475 
2325 4098 4476 
2326 4099 4477 
2327 4100 4478 
2328 4101 4479 
2329 4102 4480 
2330 4103 4481 
2331 4104 4482 
2332 4105 4483 
2333 4106 4484 
2334 4107 4485 
2335 4108 4486 
2336 4109 4487 
2337 4110 4488 
2338 4111 4489 
2339 4112 4490 
2340 4113 4491 
2341 4114 4492 
2530 4294 4644 
2531 4295 4645 
2532 4296 4646 
2533 4297 4647 
2534 4298 4648 
2535 4299 4649 
2536 4300 4650 
2537 4301 4651 
2538 4302 4652 
2539 4303 4653 
2540 4304 4654 
2541 4305 4655 
2542 4306 4656 
2543 4307 4657 
2544 4308 4658 
2545 4309 4659 
2546 4310 4660 
2547 4311 4661 
2548 4312 4662 
2549 4313 4663 
2550 4314 4664 
2551 4315 4665 
2552 4316 4666 
2553 4317 4667 
2554 4318 4668 
2555 4319 4669 
2556 4320 4670 
2557 4321 4671 
2558 4322 4672 
2559 4323 4673 
2560 4324 4674 
2561 4325 4675 
2562 4326 4676 
2563 4327 4677 
2564 4328 4678 
2565 4329 4679 
2566 4330 4680 
2567 4331 4681 
2568 4332 4682 
2569 4333 4683 
2570 4334 4684 
2571 4335 4685 
2572 4336 4686 
2573 4337 4687 
2574 4338 4688 
2575 4339 4689 
2576 4340 4690 
2577 4341 4691 
2578 4342 4692 
2579 4343 4693 
2580 4344 4694 
2581 4345 4695 
2582 4346 4696 
2583 4347 4697 
2584 4348 4698 
2585 4349 4699 
2586 4350 4700 
2587 4351 4701 
2588 4352 4702 
2589 4353 4703 
2590 4354 4704 
2591 4355 4705 
2592 4356 4706 
2593 4357 4707 
2594 4358 4708 
2595 4359 4709 
2596 4360 4710 
2597 4361 4711 
2598 4362 4712 
2599 4363 4713 
2600 4364 4714 
2601 4365 4715 
2602 4366 4716 
2603 4367 4717 
2604 4368 4718 
2605 4369 4719 
2606 4370 4720 
2607 4371 4721 
2445 4372 4722 
2446 4373 4723 
2447 4374 4724 
2448 4375 4725 
2449 4376 4726 
2450 4377 4564 
2451 4378 4565 
2452 4379 4566 
2453 4380 4567 
2454 4381 4568 
2455 4382 4569 
2456 4383 4570 
2457 4384 4571 
2458 4385 4572 
2459 4386 4573 
2460 4387 4574 
2461 4388 4575 
2462 4389 4576 
2463 4390 4577 
2464 4391 4578 
2465 4392 4579 
2466 4393 4580 
2467 4394 4581 
2468 4395 4582 
2469 4396 4583 
2470 4397 4584 
2471 4398 4585 
2472 4399 4586 
2473 4400 4587 
2474 4238 4588 
2475 4239 4589 
2476 4240 4590 
2477 4241 4591 
2478 4242 4592 
2479 4243 4593 
2480 4244 4594 
2481 4245 4595 
2482 4246 4596 
2483 4247 4597 
2484 4248 4598 
2485 4249 4599 
2486 4250 4600 
2487 4251 4601 
2488 4252 4602 
2489 4253 4603 
2490 4254 4604 
2491 4255 4605 
2492 4256 4606 
2493 4257 4607 
2494 4258 4608 
2495 4259 4609 
2496 4260 4610 
2497 4261 4611 
2498 4262 4612 
2499 4263 4613 
2500 4264 4614 
2501 4265 4615 
2502 4266 4616 
2503 4267 4617 
2504 4268 4618 
2505 4269 4619 
2506 4270 4620 
2507 4271 4621 
2508 4272 4622 
2509 4273 4623 
2510 4274 4624 
2511 4275 4625 
2512 4276 4626 
2513 4277 4627 
2514 4278 4628 
2515 4279 4629 
2516 4280 4630 
2517 4281 4631 
2518 4282 4632 
2519 4283 4633 
2520 4284 4634 
2521 4285 4635 
2522 4286 4636 
2523 4287 4637 
2524 4288 4638 
2525 4289 4639 
2526 4290 4640 
2527 4291 4641 
2528 4292 4642 
2529 4293 4643 
2751 4425 4802 
2752 4426 4803 
2753 4427 4804 
2754 4428 4805 
2755 4429 4806 
2756 4430 4807 
2757 4431 4808 
2758 4432 4809 
2759 4433 4810 
2760 4434 4811 
2761 4435 4812 
2762 4436 4813 
2763 4437 4814 
2764 4438 4815 
2765 4439 4816 
2766 4440 4817 
2767 4441 4818 
2768 4442 4819 
2769 4443 4820 
2770 4444 4821 
2608 4445 4822 
2609 4446 4823 
2610 4447 4824 
2611 4448 4825 
2612 4449 4826 
2613 4450 4827 
2614 4451 4828 
2615 4452 4829 
2616 4453 4830 
2617 4454 4831 
2618 4455 4832 
2619 4456 4833 
2620 4457 4834 
2621 4458 4835 
2622 4459 4836 
2623 4460 4837 
2624 4461 4838 
2625 4462 4839 
2626 4463 4840 
2627 4464 4841 
2628 4465 4842 
2629 4466 4843 
2630 4467 4844 
2631 4468 4845 
2632 4469 4846 
2633 4470 4847 
2634 4471 4848 
2635 4472 4849 
2636 4473 4850 
2637 4474 4851 
2638 4475 4852 
2639 4476 4853 
2640 4477 4854 
2641 4478 4855 
2642 4479 4856 
2643 4480 4857 
2644 4481 4858 
2645 4482 4859 
2646 4483 4860 
2647 4484 4861 
2648 4485 4862 
2649 4486 4863 
2650 4487 4864 
2651 4488 4865 
2652 4489 4866 
2653 4490 4867 
2654 4491 4868 
2655 4492 4869 
2656 4493 4870 
2657 4494 4871 
2658 4495 4872 
2659 4496 4873 
2660 4497 4874 
2661 4498 4875 
2662 4499 4876 
2663 4500 4877 
2664 4501 4878 
2665 4502 4879 
2666 4503 4880 
2667 4504 4881 
2668 4505 4882 
2669 4506 4883 
2670 4507 4884 
2671 4508 4885 
2672 4509 4886 
2673 4510 4887 
2674 4511 4888 
2675 4512 4889 
2676 4513 4727 
2677 4514 4728 
2678 4515 4729 
2679 4516 4730 
2680 4517 4731 
2681 4518 4732 
2682 4519 4733 
2683 4520 4734 
2684 4521 4735 
2685 4522 4736 
2686 4523 4737 
2687 4524 4738 
2688 4525 4739 
2689 4526 4740 
2690 4527 4741 
2691 4528 4742 
2692 4529 4743 
2693 4530 4744 
2694 4531 4745 
2695 4532 4746 
2696 4533 4747 
2697 4534 4748 
2698 4535 4749 
2699 4536 4750 
2700 4537 4751 
2701 4538 4752 
2702 4539 4753 
2703 4540 4754 
2704 4541 4755 
2705 4542 4756 
2706 4543 4757 
2707 4544 4758 
2708 4545 4759 
2709 4546 4760 
2710 4547 4761 
2711 4548 4762 
2712 4549 4763 
2713 4550 4764 
2714 4551 4765 
2715 4552 4766 
2716 4553 4767 
2717 4554 4768 
2718 4555 4769 
2719 4556 4770 
2720 4557 4771 
2721 4558 4772 
2722 4559 4773 
2723 4560 4774 
2724 4561 4775 
2725 4562 4776 
2726 4563 4777 
2727 4401 4778 
2728 4402 4779 
2729 4403 4780 
2730 4404 4781 
2731 4405 4782 
2732 4406 4783 
2733 4407 4784 
2734 4408 4785 
2735 4409 4786 
2736 4410 4787 
2737 4411 4788 
2738 4412 4789 
2739 4413 4790 
2740 4414 4791 
2741 4415 4792 
2742 4416 4793 
2743 4417 4794 
2744 4418 4795 
2745 4419 4796 
2746 4420 4797 
2747 4421 4798 
2748 4422 4799 
2749 4423 4800 
2750 4424 4801 
2778 3947 4566 
2779 3948 4567 
2780 3949 4568 
2781 3950 4569 
2782 3951 4570 
2783 3952 4571 
2784 3953 4572 
2785 3954 4573 
2786 3955 4574 
2787 3956 4575 
2788 3957 4576 
2789 3958 4577 
2790 3959 4578 
2791 3960 4579 
2792 3961 4580 
2793 3962 4581 
2794 3963 4582 
2795 3964 4583 
2796 3965 4584 
2797 3966 4585 
2798 3967 4586 
2799 3968 4587 
2800 3969 4588 
2801 3970 4589 
2802 3971 4590 
2803 3972 4591 
2804 3973 4592 
2805 3974 4593 
2806 3975 4594 
2807 3976 4595 
2808 3977 4596 
2809 3978 4597 
2810 3979 4598 
2811 3980 4599 
2812 3981 4600 
2813 3982 4601 
2814 3983 4602 
2815 3984 4603 
2816 3985 4604 
2817 3986 4605 
2818 3987 4606 
2819 3988 4607 
2820 3989 4608 
2821 3990 4609 
2822 3991 4610 
2823 3992 4611 
2824 3993 4612 
2825 3994 4613 
2826 3995 4614 
2827 3996 4615 
2828 3997 4616 
2829 3998 4617 
2830 3999 4618 
2831 4000 4619 
2832 4001 4620 
2833 4002 4621 
2834 4003 4622 
2835 4004 4623 
2836 4005 4624 
2837 4006 4625 
2838 4007 4626 
2839 4008 4627 
2840 4009 4628 
2841 4010 4629 
2842 4011 4630 
2843 4012 4631 
2844 4013 4632 
2845 4014 4633 
2846 4015 4634 
2847 4016 4635 
2848 4017 4636 
2849 4018 4637 
2850 4019 4638 
2851 4020 4639 
2852 4021 4640 
2853 4022 4641 
2854 4023 4642 
2855 4024 4643 
2856 4025 4644 
2857 4026 4645 
2858 4027 4646 
2859 4028 4647 
2860 4029 4648 
2861 4030 4649 
2862 4031 4650 
2863 4032 4651 
2864 4033 4652 
2865 4034 4653 
2866 4035 4654 
2867 4036 4655 
2868 4037 4656 
2869 4038 4657 
2870 4039 4658 
2871 4040 4659 
2872 4041 4660 
2873 4042 4661 
2874 4043 4662 
2875 4044 4663 
2876 4045 4664 
2877 4046 4665 
2878 4047 4666 
2879 4048 4667 
2880 4049 4668 
2881 4050 4669 
2882 4051 4670 
2883 4052 4671 
2884 4053 4672 
2885 4054 4673 
2886 4055 4674 
2887 4056 4675 
2888 4057 4676 
2889 4058 4677 
2890 4059 4678 
2891 4060 4679 
2892 4061 4680 
2893 4062 4681 
2894 4063 4682 
2895 4064 4683 
2896 4065 4684 
2897 4066 4685 
2898 4067 4686 
2899 4068 4687 
2900 4069 4688 
2901 4070 4689 
2902 4071 4690 
2903 4072 4691 
2904 4073 4692 
2905 4074 4693 
2906 3912 4694 
2907 3913 4695 
2908 3914 4696 
2909 3915 4697 
2910 3916 4698 
2911 3917 4699 
2912 3918 4700 
2913 3919 4701 
2914 3920 4702 
2915 3921 4703 
2916 3922 4704 
2917 3923 4705 
2918 3924 4706 
2919 3925 4707 
2920 3926 4708 
2921 3927 4709 
2922 3928 4710 
2923 3929 4711 
2924 3930 4712 
2925 3931 4713 
2926 3932 4714 
2927 3933 4715 
2928 3934 4716 
2929 3935 4717 
2930 3936 4718 
2931 3937 4719 
2932 3938 4720 
2933 3939 4721 
2771 3940 4722 
2772 3941 4723 
2773 3942 4724 
2774 3943 4725 
2775 3944 4726 
2776 3945 4564 
2777 3946 4565 
2013 4217 4842 
2014 4218 4843 
2015 4219 4844 
2016 4220 4845 
2017 4221 4846 
2018 4222 4847 
2019 4223 4848 
2020 4224 4849 
2021 4225 4850 
2022 4226 4851 
2023 4227 4852 
2024 4228 4853 
2025 4229 4854 
2026 4230 4855 
2027 4231 4856 
2028 4232 4857 
2029 4233 4858 
2030 4234 4859 
2031 4235 4860 
2032 4236 4861 
2033 4237 4862 
2034 4075 4863 
2035 4076 4864 
2036 4077 4865 
2037 4078 4866 
2038 4079 4867 
2039 4080 4868 
2040 4081 4869 
2041 4082 4870 
2042 4083 4871 
2043 4084 4872 
2044 4085 4873 
2045 4086 4874 
2046 4087 4875 
2047 4088 4876 
2048 4089 4877 
2049 4090 4878 
2050 4091 4879 
2051 4092 4880 
2052 4093 4881 
2053 4094 4882 
2054 4095 4883 
2055 4096 4884 
2056 4097 4885 
2057 4098 4886 
2058 4099 4887 
2059 4100 4888 
2060 4101 4889 
2061 4102 4727 
2062 4103 4728 
2063 4104 4729 
2064 4105 4730 
2065 4106 4731 
2066 4107 4732 
2067 4108 4733 
2068 4109 4734 
2069 4110 4735 
2070 4111 4736 
2071 4112 4737 
2072 4113 4738 
2073 4114 4739 
2074 4115 4740 
2075 4116 4741 
2076 4117 4742 
2077 4118 4743 
2078 4119 4744 
2079 4120 4745 
2080 4121 4746 
2081 4122 4747 
2082 4123 4748 
2083 4124 4749 
2084 4125 4750 
2085 4126 4751 
2086 4127 4752 
2087 4128 4753 
2088 4129 4754 
2089 4130 4755 
2090 4131 4756 
2091 4132 4757 
2092 4133 4758 
2093 4134 4759 
2094 4135 4760 
2095 4136 4761 
2096 4137 4762 
2097 4138 4763 
2098 4139 4764 
2099 4140 4765 
2100 4141 4766 
2101 4142 4767 
2102 4143 4768 
2103 4144 4769 
2104 4145 4770 
2105 4146 4771 
2106 4147 4772 
2107 4148 4773 
2108 4149 4774 
2109 4150 4775 
2110 4151 4776 
2111 4152 4777 
2112 4153 4778 
2113 4154 4779 
2114 4155 4780 
2115 4156 4781 
2116 4157 4782 
2117 4158 4783 
2118 4159 4784 
1956 4160 4785 
1957 4161 4786 
1958 4162 4787 
1959 4163 4788 
1960 4164 4789 
1961 4165 4790 
1962 4166 4791 
1963 4167 4792 
1964 4168 4793 
1965 4169 4794 
1966 4170 4795 
1967 4171 4796 
1968 4172 4797 
1969 4173 4798 
1970 4174 4799 
1971 4175 4800 
1972 4176 4801 
1973 4177 4802 
1974 4178 4803 
1975 4179 4804 
1976 4180 4805 
1977 4181 4806 
1978 4182 4807 
1979 4183 4808 
1980 4184 4809 
1981 4185 4810 
1982 4186 4811 
1983 4187 4812 
1984 4188 4813 
1985 4189 4814 
1986 4190 4815 
1987 4191 4816 
1988 4192 4817 
1989 4193 4818 
1990 4194 4819 
1991 4195 4820 
1992 4196 4821 
1993 4197 4822 
1994 4198 4823 
1995 4199 4824 
1996 4200 4825 
1997 4201 4826 
1998 4202 4827 
1999 4203 4828 
2000 4204 4829 
2001 4205 4830 
2002 4206 4831 
2003 4207 4832 
2004 4208 4833 
2005 4209 4834 
2006 4210 4835 
2007 4211 4836 
2008 4212 4837 
2009 4213 4838 
2010 4214 4839 
2011 4215 4840 
2012 4216 4841 
520 1475 3833 4303 4492 4735 
521 1476 3834 4304 4493 4736 
522 1477 3835 4305 4494 4737 
523 1478 3836 4306 4495 4738 
524 1479 3837 4307 4496 4739 
525 1480 3838 4308 4497 4740 
526 1481 3839 4309 4498 4741 
527 1482 3840 4310 4499 4742 
528 1483 3841 4311 4500 4743 
529 1484 3842 4312 4501 4744 
530 1485 3843 4313 4502 4745 
531 1486 3844 4314 4503 4746 
532 1487 3845 4315 4504 4747 
533 1488 3846 4316 4505 4748 
534 1489 3847 4317 4506 4749 
535 1490 3848 4318 4507 4750 
536 1491 3849 4319 4508 4751 
537 1492 3850 4320 4509 4752 
538 1493 3851 4321 4510 4753 
539 1494 3852 4322 4511 4754 
540 1495 3853 4323 4512 4755 
541 1496 3854 4324 4513 4756 
542 1497 3855 4325 4514 4757 
543 1498 3856 4326 4515 4758 
544 1499 3857 4327 4516 4759 
545 1500 3858 4328 4517 4760 
546 1501 3859 4329 4518 4761 
547 1502 3860 4330 4519 4762 
548 1503 3861 4331 4520 4763 
549 1504 3862 4332 4521 4764 
550 1505 3863 4333 4522 4765 
551 1506 3864 4334 4523 4766 
552 1507 3865 4335 4524 4767 
553 1508 3866 4336 4525 4768 
554 1509 3867 4337 4526 4769 
555 1510 3868 4338 4527 4770 
556 1511 3869 4339 4528 4771 
557 1512 3870 4340 4529 4772 
558 1513 3871 4341 4530 4773 
559 1514 3872 4342 4531 4774 
560 1515 3873 4343 4532 4775 
561 1516 3874 4344 4533 4776 
562 1517 3875 4345 4534 4777 
563 1518 3876 4346 4535 4778 
564 1519 3877 4347 4536 4779 
565 1520 3878 4348 4537 4780 
566 1521 3879 4349 4538 4781 
567 1522 3880 4350 4539 4782 
568 1523 3881 4351 4540 4783 
569 1524 3882 4352 4541 4784 
570 1525 3883 4353 4542 4785 
571 1526 3884 4354 4543 4786 
572 1527 3885 4355 4544 4787 
573 1528 3886 4356 4545 4788 
574 1529 3887 4357 4546 4789 
575 1530 3888 4358 4547 4790 
576 1531 3889 4359 4548 4791 
577 1532 3890 4360 4549 4792 
578 1533 3891 4361 4550 4793 
579 1534 3892 4362 4551 4794 
580 1535 3893 4363 4552 4795 
581 1536 3894 4364 4553 4796 
582 1537 3895 4365 4554 4797 
583 1538 3896 4366 4555 4798 
584 1539 3897 4367 4556 4799 
585 1540 3898 4368 4557 4800 
586 1541 3899 4369 4558 4801 
587 1542 3900 4370 4559 4802 
588 1543 3901 4371 4560 4803 
589 1544 3902 4372 4561 4804 
590 1545 3903 4373 4562 4805 
591 1546 3904 4374 4563 4806 
592 1547 3905 4375 4401 4807 
593 1548 3906 4376 4402 4808 
594 1549 3907 4377 4403 4809 
595 1550 3908 4378 4404 4810 
596 1551 3909 4379 4405 4811 
597 1552 3910 4380 4406 4812 
598 1553 3911 4381 4407 4813 
599 1554 3749 4382 4408 4814 
600 1555 3750 4383 4409 4815 
601 1556 3751 4384 4410 4816 
602 1557 3752 4385 4411 4817 
603 1558 3753 4386 4412 4818 
604 1559 3754 4387 4413 4819 
605 1560 3755 4388 4414 4820 
606 1561 3756 4389 4415 4821 
607 1562 3757 4390 4416 4822 
608 1563 3758 4391 4417 4823 
609 1564 3759 4392 4418 4824 
610 1565 3760 4393 4419 4825 
611 1566 3761 4394 4420 4826 
612 1567 3762 4395 4421 4827 
613 1568 3763 4396 4422 4828 
614 1569 3764 4397 4423 4829 
615 1570 3765 4398 4424 4830 
616 1571 3766 4399 4425 4831 
617 1572 3767 4400 4426 4832 
618 1573 3768 4238 4427 4833 
619 1574 3769 4239 4428 4834 
620 1575 3770 4240 4429 4835 
621 1576 3771 4241 4430 4836 
622 1577 3772 4242 4431 4837 
623 1578 3773 4243 4432 4838 
624 1579 3774 4244 4433 4839 
625 1580 3775 4245 4434 4840 
626 1581 3776 4246 4435 4841 
627 1582 3777 4247 4436 4842 
628 1583 3778 4248 4437 4843 
629 1584 3779 4249 4438 4844 
630 1585 3780 4250 4439 4845 
631 1586 3781 4251 4440 4846 
632 1587 3782 4252 4441 4847 
633 1588 3783 4253 4442 4848 
634 1589 3784 4254 4443 4849 
635 1590 3785 4255 4444 4850 
636 1591 3786 4256 4445 4851 
637 1592 3787 4257 4446 4852 
638 1593 3788 4258 4447 4853 
639 1594 3789 4259 4448 4854 
640 1595 3790 4260 4449 4855 
641 1596 3791 4261 4450 4856 
642 1597 3792 4262 4451 4857 
643 1598 3793 4263 4452 4858 
644 1599 3794 4264 4453 4859 
645 1600 3795 4265 4454 4860 
646 1601 3796 4266 4455 4861 
647 1602 3797 4267 4456 4862 
648 1603 3798 4268 4457 4863 
649 1604 3799 4269 4458 4864 
650 1605 3800 4270 4459 4865 
651 1606 3801 4271 4460 4866 
489 1607 3802 4272 4461 4867 
490 1608 3803 4273 4462 4868 
491 1609 3804 4274 4463 4869 
492 1610 3805 4275 4464 4870 
493 1611 3806 4276 4465 4871 
494 1612 3807 4277 4466 4872 
495 1613 3808 4278 4467 4873 
496 1614 3809 4279 4468 4874 
497 1615 3810 4280 4469 4875 
498 1616 3811 4281 4470 4876 
499 1617 3812 4282 4471 4877 
500 1618 3813 4283 4472 4878 
501 1619 3814 4284 4473 4879 
502 1620 3815 4285 4474 4880 
503 1621 3816 4286 4475 4881 
504 1622 3817 4287 4476 4882 
505 1623 3818 4288 4477 4883 
506 1624 3819 4289 4478 4884 
507 1625 3820 4290 4479 4885 
508 1626 3821 4291 4480 4886 
509 1627 3822 4292 4481 4887 
510 1628 3823 4293 4482 4888 
511 1629 3824 4294 4483 4889 
512 1467 3825 4295 4484 4727 
513 1468 3826 4296 4485 4728 
514 1469 3827 4297 4486 4729 
515 1470 3828 4298 4487 4730 
516 1471 3829 4299 4488 4731 
517 1472 3830 4300 4489 4732 
518 1473 3831 4301 4490 4733 
519 1474 3832 4302 4491 4734 
703 1746 2997 3920 4547 4680 
704 1747 2998 3921 4548 4681 
705 1748 2999 3922 4549 4682 
706 1749 3000 3923 4550 4683 
707 1750 3001 3924 4551 4684 
708 1751 3002 3925 4552 4685 
709 1752 3003 3926 4553 4686 
710 1753 3004 3927 4554 4687 
711 1754 3005 3928 4555 4688 
712 1755 3006 3929 4556 4689 
713 1756 3007 3930 4557 4690 
714 1757 3008 3931 4558 4691 
715 1758 3009 3932 4559 4692 
716 1759 3010 3933 4560 4693 
717 1760 3011 3934 4561 4694 
718 1761 3012 3935 4562 4695 
719 1762 3013 3936 4563 4696 
720 1763 3014 3937 4401 4697 
721 1764 3015 3938 4402 4698 
722 1765 3016 3939 4403 4699 
723 1766 3017 3940 4404 4700 
724 1767 3018 3941 4405 4701 
725 1768 3019 3942 4406 4702 
726 1769 3020 3943 4407 4703 
727 1770 3021 3944 4408 4704 
728 1771 3022 3945 4409 4705 
729 1772 3023 3946 4410 4706 
730 1773 3024 3947 4411 4707 
731 1774 3025 3948 4412 4708 
732 1775 3026 3949 4413 4709 
733 1776 3027 3950 4414 4710 
734 1777 3028 3951 4415 4711 
735 1778 3029 3952 4416 4712 
736 1779 3030 3953 4417 4713 
737 1780 3031 3954 4418 4714 
738 1781 3032 3955 4419 4715 
739 1782 3033 3956 4420 4716 
740 1783 3034 3957 4421 4717 
741 1784 3035 3958 4422 4718 
742 1785 3036 3959 4423 4719 
743 1786 3037 3960 4424 4720 
744 1787 3038 3961 4425 4721 
745 1788 3039 3962 4426 4722 
746 1789 3040 3963 4427 4723 
747 1790 3041 3964 4428 4724 
748 1791 3042 3965 4429 4725 
749 1792 3043 3966 4430 4726 
750 1630 3044 3967 4431 4564 
751 1631 3045 3968 4432 4565 
752 1632 3046 3969 4433 4566 
753 1633 3047 3970 4434 4567 
754 1634 3048 3971 4435 4568 
755 1635 3049 3972 4436 4569 
756 1636 3050 3973 4437 4570 
757 1637 3051 3974 4438 4571 
758 1638 3052 3975 4439 4572 
759 1639 3053 3976 4440 4573 
760 1640 3054 3977 4441 4574 
761 1641 3055 3978 4442 4575 
762 1642 3056 3979 4443 4576 
763 1643 3057 3980 4444 4577 
764 1644 3058 3981 4445 4578 
765 1645 3059 3982 4446 4579 
766 1646 3060 3983 4447 4580 
767 1647 3061 3984 4448 4581 
768 1648 3062 3985 4449 4582 
769 1649 3063 3986 4450 4583 
770 1650 3064 3987 4451 4584 
771 1651 3065 3988 4452 4585 
772 1652 3066 3989 4453 4586 
773 1653 3067 3990 4454 4587 
774 1654 3068 3991 4455 4588 
775 1655 3069 3992 4456 4589 
776 1656 3070 3993 4457 4590 
777 1657 3071 3994 4458 4591 
778 1658 3072 3995 4459 4592 
779 1659 3073 3996 4460 4593 
780 1660 3074 3997 4461 4594 
781 1661 3075 3998 4462 4595 
782 1662 3076 3999 4463 4596 
783 1663 3077 4000 4464 4597 
784 1664 3078 4001 4465 4598 
785 1665 3079 4002 4466 4599 
786 1666 3080 4003 4467 4600 
787 1667 3081 4004 4468 4601 
788 1668 3082 4005 4469 4602 
789 1669 3083 4006 4470 4603 
790 1670 3084 4007 4471 4604 
791 1671 3085 4008 4472 4605 
792 1672 3086 4009 4473 4606 
793 1673 3087 4010 4474 4607 
794 1674 3088 4011 4475 4608 
795 1675 3089 4012 4476 4609 
796 1676 3090 4013 4477 4610 
797 1677 3091 4014 4478 4611 
798 1678 3092 4015 4479 4612 
799 1679 3093 4016 4480 4613 
800 1680 3094 4017 4481 4614 
801 1681 3095 4018 4482 4615 
802 1682 3096 4019 4483 4616 
803 1683 2934 4020 4484 4617 
804 1684 2935 4021 4485 4618 
805 1685 2936 4022 4486 4619 
806 1686 2937 4023 4487 4620 
807 1687 2938 4024 4488 4621 
808 1688 2939 4025 4489 4622 
809 1689 2940 4026 4490 4623 
810 1690 2941 4027 4491 4624 
811 1691 2942 4028 4492 4625 
812 1692 2943 4029 4493 4626 
813 1693 2944 4030 4494 4627 
814 1694 2945 4031 4495 4628 
652 1695 2946 4032 4496 4629 
653 1696 2947 4033 4497 4630 
654 1697 2948 4034 4498 4631 
655 1698 2949 4035 4499 4632 
656 1699 2950 4036 4500 4633 
657 1700 2951 4037 4501 4634 
658 1701 2952 4038 4502 4635 
659 1702 2953 4039 4503 4636 
660 1703 2954 4040 4504 4637 
661 1704 2955 4041 4505 4638 
662 1705 2956 4042 4506 4639 
663 1706 2957 4043 4507 4640 
664 1707 2958 4044 4508 4641 
665 1708 2959 4045 4509 4642 
666 1709 2960 4046 4510 4643 
667 1710 2961 4047 4511 4644 
668 1711 2962 4048 4512 4645 
669 1712 2963 4049 4513 4646 
670 1713 2964 4050 4514 4647 
671 1714 2965 4051 4515 4648 
672 1715 2966 4052 4516 4649 
673 1716 2967 4053 4517 4650 
674 1717 2968 4054 4518 4651 
675 1718 2969 4055 4519 4652 
676 1719 2970 4056 4520 4653 
677 1720 2971 4057 4521 4654 
678 1721 2972 4058 4522 4655 
679 1722 2973 4059 4523 4656 
680 1723 2974 4060 4524 4657 
681 1724 2975 4061 4525 4658 
682 1725 2976 4062 4526 4659 
683 1726 2977 4063 4527 4660 
684 1727 2978 4064 4528 4661 
685 1728 2979 4065 4529 4662 
686 1729 2980 4066 4530 4663 
687 1730 2981 4067 4531 4664 
688 1731 2982 4068 4532 4665 
689 1732 2983 4069 4533 4666 
690 1733 2984 4070 4534 4667 
691 1734 2985 4071 4535 4668 
692 1735 2986 4072 4536 4669 
693 1736 2987 4073 4537 4670 
694 1737 2988 4074 4538 4671 
695 1738 2989 3912 4539 4672 
696 1739 2990 3913 4540 4673 
697 1740 2991 3914 4541 4674 
698 1741 2992 3915 4542 4675 
699 1742 2993 3916 4543 4676 
700 1743 2994 3917 4544 4677 
701 1744 2995 3918 4545 4678 
702 1745 2996 3919 4546 4679 
905 1922 3190 4220 4580 4736 
906 1923 3191 4221 4581 4737 
907 1924 3192 4222 4582 4738 
908 1925 3193 4223 4583 4739 
909 1926 3194 4224 4584 4740 
910 1927 3195 4225 4585 4741 
911 1928 3196 4226 4586 4742 
912 1929 3197 4227 4587 4743 
913 1930 3198 4228 4588 4744 
914 1931 3199 4229 4589 4745 
915 1932 3200 4230 4590 4746 
916 1933 3201 4231 4591 4747 
917 1934 3202 4232 4592 4748 
918 1935 3203 4233 4593 4749 
919 1936 3204 4234 4594 4750 
920 1937 3205 4235 4595 4751 
921 1938 3206 4236 4596 4752 
922 1939 3207 4237 4597 4753 
923 1940 3208 4075 4598 4754 
924 1941 3209 4076 4599 4755 
925 1942 3210 4077 4600 4756 
926 1943 3211 4078 4601 4757 
927 1944 3212 4079 4602 4758 
928 1945 3213 4080 4603 4759 
929 1946 3214 4081 4604 4760 
930 1947 3215 4082 4605 4761 
931 1948 3216 4083 4606 4762 
932 1949 3217 4084 4607 4763 
933 1950 3218 4085 4608 4764 
934 1951 3219 4086 4609 4765 
935 1952 3220 4087 4610 4766 
936 1953 3221 4088 4611 4767 
937 1954 3222 4089 4612 4768 
938 1955 3223 4090 4613 4769 
939 1793 3224 4091 4614 4770 
940 1794 3225 4092 4615 4771 
941 1795 3226 4093 4616 4772 
942 1796 3227 4094 4617 4773 
943 1797 3228 4095 4618 4774 
944 1798 3229 4096 4619 4775 
945 1799 3230 4097 4620 4776 
946 1800 3231 4098 4621 4777 
947 1801 3232 4099 4622 4778 
948 1802 3233 4100 4623 4779 
949 1803 3234 4101 4624 4780 
950 1804 3235 4102 4625 4781 
951 1805 3236 4103 4626 4782 
952 1806 3237 4104 4627 4783 
953 1807 3238 4105 4628 4784 
954 1808 3239 4106 4629 4785 
955 1809 3240 4107 4630 4786 
956 1810 3241 4108 4631 4787 
957 1811 3242 4109 4632 4788 
958 1812 3243 4110 4633 4789 
959 1813 3244 4111 4634 4790 
960 1814 3245 4112 4635 4791 
961 1815 3246 4113 4636 4792 
962 1816 3247 4114 4637 4793 
963 1817 3248 4115 4638 4794 
964 1818 3249 4116 4639 4795 
965 1819 3250 4117 4640 4796 
966 1820 3251 4118 4641 4797 
967 1821 3252 4119 4642 4798 
968 1822 3253 4120 4643 4799 
969 1823 3254 4121 4644 4800 
970 1824 3255 4122 4645 4801 
971 1825 3256 4123 4646 4802 
972 1826 3257 4124 4647 4803 
973 1827 3258 4125 4648 4804 
974 1828 3259 4126 4649 4805 
975 1829 3097 4127 4650 4806 
976 1830 3098 4128 4651 4807 
977 1831 3099 4129 4652 4808 
815 1832 3100 4130 4653 4809 
816 1833 3101 4131 4654 4810 
817 1834 3102 4132 4655 4811 
818 1835 3103 4133 4656 4812 
819 1836 3104 4134 4657 4813 
820 1837 3105 4135 4658 4814 
821 1838 3106 4136 4659 4815 
822 1839 3107 4137 4660 4816 
823 1840 3108 4138 4661 4817 
824 1841 3109 4139 4662 4818 
825 1842 3110 4140 4663 4819 
826 1843 3111 4141 4664 4820 
827 1844 3112 4142 4665 4821 
828 1845 3113 4143 4666 4822 
829 1846 3114 4144 4667 4823 
830 1847 3115 4145 4668 4824 
831 1848 3116 4146 4669 4825 
832 1849 3117 4147 4670 4826 
833 1850 3118 4148 4671 4827 
834 1851 3119 4149 4672 4828 
835 1852 3120 4150 4673 4829 
836 1853 3121 4151 4674 4830 
837 1854 3122 4152 4675 4831 
838 1855 3123 4153 4676 4832 
839 1856 3124 4154 4677 4833 
840 1857 3125 4155 4678 4834 
841 1858 3126 4156 4679 4835 
842 1859 3127 4157 4680 4836 
843 1860 3128 4158 4681 4837 
844 1861 3129 4159 4682 4838 
845 1862 3130 4160 4683 4839 
846 1863 3131 4161 4684 4840 
847 1864 3132 4162 4685 4841 
848 1865 3133 4163 4686 4842 
849 1866 3134 4164 4687 4843 
850 1867 3135 4165 4688 4844 
851 1868 3136 4166 4689 4845 
852 1869 3137 4167 4690 4846 
853 1870 3138 4168 4691 4847 
854 1871 3139 4169 4692 4848 
855 1872 3140 4170 4693 4849 
856 1873 3141 4171 4694 4850 
857 1874 3142 4172 4695 4851 
858 1875 3143 4173 4696 4852 
859 1876 3144 4174 4697 4853 
860 1877 3145 4175 4698 4854 
861 1878 3146 4176 4699 4855 
862 1879 3147 4177 4700 4856 
863 1880 3148 4178 4701 4857 
864 1881 3149 4179 4702 4858 
865 1882 3150 4180 4703 4859 
866 1883 3151 4181 4704 4860 
867 1884 3152 4182 4705 4861 
868 1885 3153 4183 4706 4862 
869 1886 3154 4184 4707 4863 
870 1887 3155 4185 4708 4864 
871 1888 3156 4186 4709 4865 
872 1889 3157 4187 4710 4866 
873 1890 3158 4188 4711 4867 
874 1891 3159 4189 4712 4868 
875 1892 3160 4190 4713 4869 
876 1893 3161 4191 4714 4870 
877 1894 3162 4192 4715 4871 
878 1895 3163 4193 4716 4872 
879 1896 3164 4194 4717 4873 
880 1897 3165 4195 4718 4874 
881 1898 3166 4196 4719 4875 
882 1899 3167 4197 4720 4876 
883 1900 3168 4198 4721 4877 
884 1901 3169 4199 4722 4878 
885 1902 3170 4200 4723 4879 
886 1903 3171 4201 4724 4880 
887 1904 3172 4202 4725 4881 
888 1905 3173 4203 4726 4882 
889 1906 3174 4204 4564 4883 
890 1907 3175 4205 4565 4884 
891 1908 3176 4206 4566 4885 
892 1909 3177 4207 4567 4886 
893 1910 3178 4208 4568 4887 
894 1911 3179 4209 4569 4888 
895 1912 3180 4210 4570 4889 
896 1913 3181 4211 4571 4727 
897 1914 3182 4212 4572 4728 
898 1915 3183 4213 4573 4729 
899 1916 3184 4214 4574 4730 
900 1917 3185 4215 4575 4731 
901 1918 3186 4216 4576 4732 
902 1919 3187 4217 4577 4733 
903 1920 3188 4218 4578 4734 
904 1921 3189 4219 4579 4735 
84 1016 3410 4038 4349 4772 
85 1017 3411 4039 4350 4773 
86 1018 3412 4040 4351 4774 
87 1019 3413 4041 4352 4775 
88 1020 3414 4042 4353 4776 
89 1021 3415 4043 4354 4777 
90 1022 3416 4044 4355 4778 
91 1023 3417 4045 4356 4779 
92 1024 3418 4046 4357 4780 
93 1025 3419 4047 4358 4781 
94 1026 3420 4048 4359 4782 
95 1027 3421 4049 4360 4783 
96 1028 3422 4050 4361 4784 
97 1029 3260 4051 4362 4785 
98 1030 3261 4052 4363 4786 
99 1031 3262 4053 4364 4787 
100 1032 3263 4054 4365 4788 
101 1033 3264 4055 4366 4789 
102 1034 3265 4056 4367 4790 
103 1035 3266 4057 4368 4791 
104 1036 3267 4058 4369 4792 
105 1037 3268 4059 4370 4793 
106 1038 3269 4060 4371 4794 
107 1039 3270 4061 4372 4795 
108 1040 3271 4062 4373 4796 
109 1041 3272 4063 4374 4797 
110 1042 3273 4064 4375 4798 
111 1043 3274 4065 4376 4799 
112 1044 3275 4066 4377 4800 
113 1045 3276 4067 4378 4801 
114 1046 3277 4068 4379 4802 
115 1047 3278 4069 4380 4803 
116 1048 3279 4070 4381 4804 
117 1049 3280 4071 4382 4805 
118 1050 3281 4072 4383 4806 
119 1051 3282 4073 4384 4807 
120 1052 3283 4074 4385 4808 
121 1053 3284 3912 4386 4809 
122 1054 3285 3913 4387 4810 
123 1055 3286 3914 4388 4811 
124 1056 3287 3915 4389 4812 
125 1057 3288 3916 4390 4813 
126 1058 3289 3917 4391 4814 
127 1059 3290 3918 4392 4815 
128 1060 3291 3919 4393 4816 
129 1061 3292 3920 4394 4817 
130 1062 3293 3921 4395 4818 
131 1063 3294 3922 4396 4819 
132 1064 3295 3923 4397 4820 
133 1065 3296 3924 4398 4821 
134 1066 3297 3925 4399 4822 
135 1067 3298 3926 4400 4823 
136 1068 3299 3927 4238 4824 
137 1069 3300 3928 4239 4825 
138 1070 3301 3929 4240 4826 
139 1071 3302 3930 4241 4827 
140 1072 3303 3931 4242 4828 
141 1073 3304 3932 4243 4829 
142 1074 3305 3933 4244 4830 
143 1075 3306 3934 4245 4831 
144 1076 3307 3935 4246 4832 
145 1077 3308 3936 4247 4833 
146 1078 3309 3937 4248 4834 
147 1079 3310 3938 4249 4835 
148 1080 3311 3939 4250 4836 
149 1081 3312 3940 4251 4837 
150 1082 3313 3941 4252 4838 
151 1083 3314 3942 4253 4839 
152 1084 3315 3943 4254 4840 
153 1085 3316 3944 4255 4841 
154 1086 3317 3945 4256 4842 
155 1087 3318 3946 4257 4843 
156 1088 3319 3947 4258 4844 
157 1089 3320 3948 4259 4845 
158 1090 3321 3949 4260 4846 
159 1091 3322 3950 4261 4847 
160 1092 3323 3951 4262 4848 
161 1093 3324 3952 4263 4849 
162 1094 3325 3953 4264 4850 
0 1095 3326 3954 4265 4851 
1 1096 3327 3955 4266 4852 
2 1097 3328 3956 4267 4853 
3 1098 3329 3957 4268 4854 
4 1099 3330 3958 4269 4855 
5 1100 3331 3959 4270 4856 
6 1101 3332 3960 4271 4857 
7 1102 3333 3961 4272 4858 
8 1103 3334 3962 4273 4859 
9 1104 3335 3963 4274 4860 
10 1105 3336 3964 4275 4861 
11 1106 3337 3965 4276 4862 
12 1107 3338 3966 4277 4863 
13 1108 3339 3967 4278 4864 
14 1109 3340 3968 4279 4865 
15 1110 3341 3969 4280 4866 
16 1111 3342 3970 4281 4867 
17 1112 3343 3971 4282 4868 
18 1113 3344 3972 4283 4869 
19 1114 3345 3973 4284 4870 
20 1115 3346 3974 4285 4871 
21 1116 3347 3975 4286 4872 
22 1117 3348 3976 4287 4873 
23 1118 3349 3977 4288 4874 
24 1119 3350 3978 4289 4875 
25 1120 3351 3979 4290 4876 
26 1121 3352 3980 4291 4877 
27 1122 3353 3981 4292 4878 
28 1123 3354 3982 4293 4879 
29 1124 3355 3983 4294 4880 
30 1125 3356 3984 4295 4881 
31 1126 3357 3985 4296 4882 
32 1127 3358 3986 4297 4883 
33 1128 3359 3987 4298 4884 
34 1129 3360 3988 4299 4885 
35 1130 3361 3989 4300 4886 
36 1131 3362 3990 4301 4887 
37 1132 3363 3991 4302 4888 
38 1133 3364 3992 4303 4889 
39 1134 3365 3993 4304 4727 
40 1135 3366 3994 4305 4728 
41 1136 3367 3995 4306 4729 
42 1137 3368 3996 4307 4730 
43 1138 3369 3997 4308 4731 
44 1139 3370 3998 4309 4732 
45 1140 3371 3999 4310 4733 
46 978 3372 4000 4311 4734 
47 979 3373 4001 4312 4735 
48 980 3374 4002 4313 4736 
49 981 3375 4003 4314 4737 
50 982 3376 4004 4315 4738 
51 983 3377 4005 4316 4739 
52 984 3378 4006 4317 4740 
53 985 3379 4007 4318 4741 
54 986 3380 4008 4319 4742 
55 987 3381 4009 4320 4743 
56 988 3382 4010 4321 4744 
57 989 3383 4011 4322 4745 
58 990 3384 4012 4323 4746 
59 991 3385 4013 4324 4747 
60 992 3386 4014 4325 4748 
61 993 3387 4015 4326 4749 
62 994 3388 4016 4327 4750 
63 995 3389 4017 4328 4751 
64 996 3390 4018 4329 4752 
65 997 3391 4019 4330 4753 
66 998 3392 4020 4331 4754 
67 999 3393 4021 4332 4755 
68 1000 3394 4022 4333 4756 
69 1001 3395 4023 4334 4757 
70 1002 3396 4024 4335 4758 
71 1003 3397 4025 4336 4759 
72 1004 3398 4026 4337 4760 
73 1005 3399 4027 4338 4761 
74 1006 3400 4028 4339 4762 
75 1007 3401 4029 4340 4763 
76 1008 3402 4030 4341 4764 
77 1009 3403 4031 4342 4765 
78 1010 3404 4032 4343 4766 
79 1011 3405 4033 4344 4767 
80 1012 3406 4034 4345 4768 
81 1013 3407 4035 4346 4769 
82 1014 3408 4036 4347 4770 
83 1015 3409 4037 4348 4771 
196 1190 3479 3913 4209 4522 
197 1191 3480 3914 4210 4523 
198 1192 3481 3915 4211 4524 
199 1193 3482 3916 4212 4525 
200 1194 3483 3917 4213 4526 
201 1195 3484 3918 4214 4527 
202 1196 3485 3919 4215 4528 
203 1197 3486 3920 4216 4529 
204 1198 3487 3921 4217 4530 
205 1199 3488 3922 4218 4531 
206 1200 3489 3923 4219 4532 
207 1201 3490 3924 4220 4533 
208 1202 3491 3925 4221 4534 
209 1203 3492 3926 4222 4535 
210 1204 3493 3927 4223 4536 
211 1205 3494 3928 4224 4537 
212 1206 3495 3929 4225 4538 
213 1207 3496 3930 4226 4539 
214 1208 3497 3931 4227 4540 
215 1209 3498 3932 4228 4541 
216 1210 3499 3933 4229 4542 
217 1211 3500 3934 4230 4543 
218 1212 3501 3935 4231 4544 
219 1213 3502 3936 4232 4545 
220 1214 3503 3937 4233 4546 
221 1215 3504 3938 4234 4547 
222 1216 3505 3939 4235 4548 
223 1217 3506 3940 4236 4549 
224 1218 3507 3941 4237 4550 
225 1219 3508 3942 4075 4551 
226 1220 3509 3943 4076 4552 
227 1221 3510 3944 4077 4553 
228 1222 3511 3945 4078 4554 
229 1223 3512 3946 4079 4555 
230 1224 3513 3947 4080 4556 
231 1225 3514 3948 4081 4557 
232 1226 3515 3949 4082 4558 
233 1227 3516 3950 4083 4559 
234 1228 3517 3951 4084 4560 
235 1229 3518 3952 4085 4561 
236 1230 3519 3953 4086 4562 
237 1231 3520 3954 4087 4563 
238 1232 3521 3955 4088 4401 
239 1233 3522 3956 4089 4402 
240 1234 3523 3957 4090 4403 
241 1235 3524 3958 4091 4404 
242 1236 3525 3959 4092 4405 
243 1237 3526 3960 4093 4406 
244 1238 3527 3961 4094 4407 
245 1239 3528 3962 4095 4408 
246 1240 3529 3963 4096 4409 
247 1241 3530 3964 4097 4410 
248 1242 3531 3965 4098 4411 
249 1243 3532 3966 4099 4412 
250 1244 3533 3967 4100 4413 
251 1245 3534 3968 4101 4414 
252 1246 3535 3969 4102 4415 
253 1247 3536 3970 4103 4416 
254 1248 3537 3971 4104 4417 
255 1249 3538 3972 4105 4418 
256 1250 3539 3973 4106 4419 
257 1251 3540 3974 4107 4420 
258 1252 3541 3975 4108 4421 
259 1253 3542 3976 4109 4422 
260 1254 3543 3977 4110 4423 
261 1255 3544 3978 4111 4424 
262 1256 3545 3979 4112 4425 
263 1257 3546 3980 4113 4426 
264 1258 3547 3981 4114 4427 
265 1259 3548 3982 4115 4428 
266 1260 3549 3983 4116 4429 
267 1261 3550 3984 4117 4430 
268 1262 3551 3985 4118 4431 
269 1263 3552 3986 4119 4432 
270 1264 3553 3987 4120 4433 
271 1265 3554 3988 4121 4434 
272 1266 3555 3989 4122 4435 
273 1267 3556 3990 4123 4436 
274 1268 3557 3991 4124 4437 
275 1269 3558 3992 4125 4438 
276 1270 3559 3993 4126 4439 
277 1271 3560 3994 4127 4440 
278 1272 3561 3995 4128 4441 
279 1273 3562 3996 4129 4442 
280 1274 3563 3997 4130 4443 
281 1275 3564 3998 4131 4444 
282 1276 3565 3999 4132 4445 
283 1277 3566 4000 4133 4446 
284 1278 3567 4001 4134 4447 
285 1279 3568 4002 4135 4448 
286 1280 3569 4003 4136 4449 
287 1281 3570 4004 4137 4450 
288 1282 3571 4005 4138 4451 
289 1283 3572 4006 4139 4452 
290 1284 3573 4007 4140 4453 
291 1285 3574 4008 4141 4454 
292 1286 3575 4009 4142 4455 
293 1287 3576 4010 4143 4456 
294 1288 3577 4011 4144 4457 
295 1289 3578 4012 4145 4458 
296 1290 3579 4013 4146 4459 
297 1291 3580 4014 4147 4460 
298 1292 3581 4015 4148 4461 
299 1293 3582 4016 4149 4462 
300 1294 3583 4017 4150 4463 
301 1295 3584 4018 4151 4464 
302 1296 3585 4019 4152 4465 
303 1297 3423 4020 4153 4466 
304 1298 3424 4021 4154 4467 
305 1299 3425 4022 4155 4468 
306 1300 3426 4023 4156 4469 
307 1301 3427 4024 4157 4470 
308 1302 3428 4025 4158 4471 
309 1303 3429 4026 4159 4472 
310 1141 3430 4027 4160 4473 
311 1142 3431 4028 4161 4474 
312 1143 3432 4029 4162 4475 
313 1144 3433 4030 4163 4476 
314 1145 3434 4031 4164 4477 
315 1146 3435 4032 4165 4478 
316 1147 3436 4033 4166 4479 
317 1148 3437 4034 4167 4480 
318 1149 3438 4035 4168 4481 
319 1150 3439 4036 4169 4482 
320 1151 3440 4037 4170 4483 
321 1152 3441 4038 4171 4484 
322 1153 3442 4039 4172 4485 
323 1154 3443 4040 4173 4486 
324 1155 3444 4041 4174 4487 
325 1156 3445 4042 4175 4488 
163 1157 3446 4043 4176 4489 
164 1158 3447 4044 4177 4490 
165 1159 3448 4045 4178 4491 
166 1160 3449 4046 4179 4492 
167 1161 3450 4047 4180 4493 
168 1162 3451 4048 4181 4494 
169 1163 3452 4049 4182 4495 
170 1164 3453 4050 4183 4496 
171 1165 3454 4051 4184 4497 
172 1166 3455 4052 4185 4498 
173 1167 3456 4053 4186 4499 
174 1168 3457 4054 4187 4500 
175 1169 3458 4055 4188 4501 
176 1170 3459 4056 4189 4502 
177 1171 3460 4057 4190 4503 
178 1172 3461 4058 4191 4504 
179 1173 3462 4059 4192 4505 
180 1174 3463 4060 4193 4506 
181 1175 3464 4061 4194 4507 
182 1176 3465 4062 4195 4508 
183 1177 3466 4063 4196 4509 
184 1178 3467 4064 4197 4510 
185 1179 3468 4065 4198 4511 
186 1180 3469 4066 4199 4512 
187 1181 3470 4067 4200 4513 
188 1182 3471 4068 4201 4514 
189 1183 3472 4069 4202 4515 
190 1184 3473 4070 4203 4516 
191 1185 3474 4071 4204 4517 
192 1186 3475 4072 4205 4518 
193 1187 3476 4073 4206 4519 
194 1188 3477 4074 4207 4520 
195 1189 3478 3912 4208 4521 
351 1385 3645 4107 4382 4634 
352 1386 3646 4108 4383 4635 
353 1387 3647 4109 4384 4636 
354 1388 3648 4110 4385 4637 
355 1389 3649 4111 4386 4638 
356 1390 3650 4112 4387 4639 
357 1391 3651 4113 4388 4640 
358 1392 3652 4114 4389 4641 
359 1393 3653 4115 4390 4642 
360 1394 3654 4116 4391 4643 
361 1395 3655 4117 4392 4644 
362 1396 3656 4118 4393 4645 
363 1397 3657 4119 4394 4646 
364 1398 3658 4120 4395 4647 
365 1399 3659 4121 4396 4648 
366 1400 3660 4122 4397 4649 
367 1401 3661 4123 4398 4650 
368 1402 3662 4124 4399 4651 
369 1403 3663 4125 4400 4652 
370 1404 3664 4126 4238 4653 
371 1405 3665 4127 4239 4654 
372 1406 3666 4128 4240 4655 
373 1407 3667 4129 4241 4656 
374 1408 3668 4130 4242 4657 
375 1409 3669 4131 4243 4658 
376 1410 3670 4132 4244 4659 
377 1411 3671 4133 4245 4660 
378 1412 3672 4134 4246 4661 
379 1413 3673 4135 4247 4662 
380 1414 3674 4136 4248 4663 
381 1415 3675 4137 4249 4664 
382 1416 3676 4138 4250 4665 
383 1417 3677 4139 4251 4666 
384 1418 3678 4140 4252 4667 
385 1419 3679 4141 4253 4668 
386 1420 3680 4142 4254 4669 
387 1421 3681 4143 4255 4670 
388 1422 3682 4144 4256 4671 
389 1423 3683 4145 4257 4672 
390 1424 3684 4146 4258 4673 
391 1425 3685 4147 4259 4674 
392 1426 3686 4148 4260 4675 
393 1427 3687 4149 4261 4676 
394 1428 3688 4150 4262 4677 
395 1429 3689 4151 4263 4678 
396 1430 3690 4152 4264 4679 
397 1431 3691 4153 4265 4680 
398 1432 3692 4154 4266 4681 
399 1433 3693 4155 4267 4682 
400 1434 3694 4156 4268 4683 
401 1435 3695 4157 4269 4684 
402 1436 3696 4158 4270 4685 
403 1437 3697 4159 4271 4686 
404 1438 3698 4160 4272 4687 
405 1439 3699 4161 4273 4688 
406 1440 3700 4162 4274 4689 
407 1441 3701 4163 4275 4690 
408 1442 3702 4164 4276 4691 
409 1443 3703 4165 4277 4692 
410 1444 3704 4166 4278 4693 
411 1445 3705 4167 4279 4694 
412 1446 3706 4168 4280 4695 
413 1447 3707 4169 4281 4696 
414 1448 3708 4170 4282 4697 
415 1449 3709 4171 4283 4698 
416 1450 3710 4172 4284 4699 
417 1451 3711 4173 4285 4700 
418 1452 3712 4174 4286 4701 
419 1453 3713 4175 4287 4702 
420 1454 3714 4176 4288 4703 
421 1455 3715 4177 4289 4704 
422 1456 3716 4178 4290 4705 
423 1457 3717 4179 4291 4706 
424 1458 3718 4180 4292 4707 
425 1459 3719 4181 4293 4708 
426 1460 3720 4182 4294 4709 
427 1461 3721 4183 4295 4710 
428 1462 3722 4184 4296 4711 
429 1463 3723 4185 4297 4712 
430 1464 3724 4186 4298 4713 
431 1465 3725 4187 4299 4714 
432 1466 3726 4188 4300 4715 
433 1304 3727 4189 4301 4716 
434 1305 3728 4190 4302 4717 
435 1306 3729 4191 4303 4718 
436 1307 3730 4192 4304 4719 
437 1308 3731 4193 4305 4720 
438 1309 3732 4194 4306 4721 
439 1310 3733 4195 4307 4722 
440 1311 3734 4196 4308 4723 
441 1312 3735 4197 4309 4724 
442 1313 3736 4198 4310 4725 
443 1314 3737 4199 4311 4726 
444 1315 3738 4200 4312 4564 
445 1316 3739 4201 4313 4565 
446 1317 3740 4202 4314 4566 
447 1318 3741 4203 4315 4567 
448 1319 3742 4204 4316 4568 
449 1320 3743 4205 4317 4569 
450 1321 3744 4206 4318 4570 
451 1322 3745 4207 4319 4571 
452 1323 3746 4208 4320 4572 
453 1324 3747 4209 4321 4573 
454 1325 3748 4210 4322 4574 
455 1326 3586 4211 4323 4575 
456 1327 3587 4212 4324 4576 
457 1328 3588 4213 4325 4577 
458 1329 3589 4214 4326 4578 
459 1330 3590 4215 4327 4579 
460 1331 3591 4216 4328 4580 
461 1332 3592 4217 4329 4581 
462 1333 3593 4218 4330 4582 
463 1334 3594 4219 4331 4583 
464 1335 3595 4220 4332 4584 
465 1336 3596 4221 4333 4585 
466 1337 3597 4222 4334 4586 
467 1338 3598 4223 4335 4587 
468 1339 3599 4224 4336 4588 
469 1340 3600 4225 4337 4589 
470 1341 3601 4226 4338 4590 
471 1342 3602 4227 4339 4591 
472 1343 3603 4228 4340 4592 
473 1344 3604 4229 4341 4593 
474 1345 3605 4230 4342 4594 
475 1346 3606 4231 4343 4595 
476 1347 3607 4232 4344 4596 
477 1348 3608 4233 4345 4597 
478 1349 3609 4234 4346 4598 
479 1350 3610 4235 4347 4599 
480 1351 3611 4236 4348 4600 
481 1352 3612 4237 4349 4601 
482 1353 3613 4075 4350 4602 
483 1354 3614 4076 4351 4603 
484 1355 3615 4077 4352 4604 
485 1356 3616 4078 4353 4605 
486 1357 3617 4079 4354 4606 
487 1358 3618 4080 4355 4607 
488 1359 3619 4081 4356 4608 
326 1360 3620 4082 4357 4609 
327 1361 3621 4083 4358 4610 
328 1362 3622 4084 4359 4611 
329 1363 3623 4085 4360 4612 
330 1364 3624 4086 4361 4613 
331 1365 3625 4087 4362 4614 
332 1366 3626 4088 4363 4615 
333 1367 3627 4089 4364 4616 
334 1368 3628 4090 4365 4617 
335 1369 3629 4091 4366 4618 
336 1370 3630 4092 4367 4619 
337 1371 3631 4093 4368 4620 
338 1372 3632 4094 4369 4621 
339 1373 3633 4095 4370 4622 
340 1374 3634 4096 4371 4623 
341 1375 3635 4097 4372 4624 
342 1376 3636 4098 4373 4625 
343 1377 3637 4099 4374 4626 
344 1378 3638 4100 4375 4627 
345 1379 3639 4101 4376 4628 
346 1380 3640 4102 4377 4629 
347 1381 3641 4103 4378 4630 
348 1382 3642 4104 4379 4631 
349 1383 3643 4105 4380 4632 
350 1384 3644 4106 4381 4633 
168 1077 1327 3039 3764 4101 
169 1078 1328 3040 3765 4102 
170 1079 1329 3041 3766 4103 
171 1080 1330 3042 3767 4104 
172 1081 1331 3043 3768 4105 
173 1082 1332 3044 3769 4106 
174 1083 1333 3045 3770 4107 
175 1084 1334 3046 3771 4108 
176 1085 1335 3047 3772 4109 
177 1086 1336 3048 3773 4110 
178 1087 1337 3049 3774 4111 
179 1088 1338 3050 3775 4112 
180 1089 1339 3051 3776 4113 
181 1090 1340 3052 3777 4114 
182 1091 1341 3053 3778 4115 
183 1092 1342 3054 3779 4116 
184 1093 1343 3055 3780 4117 
185 1094 1344 3056 3781 4118 
186 1095 1345 3057 3782 4119 
187 1096 1346 3058 3783 4120 
188 1097 1347 3059 3784 4121 
189 1098 1348 3060 3785 4122 
190 1099 1349 3061 3786 4123 
191 1100 1350 3062 3787 4124 
192 1101 1351 3063 3788 4125 
193 1102 1352 3064 3789 4126 
194 1103 1353 3065 3790 4127 
195 1104 1354 3066 3791 4128 
196 1105 1355 3067 3792 4129 
197 1106 1356 3068 3793 4130 
198 1107 1357 3069 3794 4131 
199 1108 1358 3070 3795 4132 
200 1109 1359 3071 3796 4133 
201 1110 1360 3072 3797 4134 
202 1111 1361 3073 3798 4135 
203 1112 1362 3074 3799 4136 
204 1113 1363 3075 3800 4137 
205 1114 1364 3076 3801 4138 
206 1115 1365 3077 3802 4139 
207 1116 1366 3078 3803 4140 
208 1117 1367 3079 3804 4141 
209 1118 1368 3080 3805 4142 
210 1119 1369 3081 3806 4143 
211 1120 1370 3082 3807 4144 
212 1121 1371 3083 3808 4145 
213 1122 1372 3084 3809 4146 
214 1123 1373 3085 3810 4147 
215 1124 1374 3086 3811 4148 
216 1125 1375 3087 3812 4149 
217 1126 1376 3088 3813 4150 
218 1127 1377 3089 3814 4151 
219 1128 1378 3090 3815 4152 
220 1129 1379 3091 3816 4153 
221 1130 1380 3092 3817 4154 
222 1131 1381 3093 3818 4155 
223 1132 1382 3094 3819 4156 
224 1133 1383 3095 3820 4157 
225 1134 1384 3096 3821 4158 
226 1135 1385 2934 3822 4159 
227 1136 1386 2935 3823 4160 
228 1137 1387 2936 3824 4161 
229 1138 1388 2937 3825 4162 
230 1139 1389 2938 3826 4163 
231 1140 1390 2939 3827 4164 
232 978 1391 2940 3828 4165 
233 979 1392 2941 3829 4166 
234 980 1393 2942 3830 4167 
235 981 1394 2943 3831 4168 
236 982 1395 2944 3832 4169 
237 983 1396 2945 3833 4170 
238 984 1397 2946 3834 4171 
239 985 1398 2947 3835 4172 
240 986 1399 2948 3836 4173 
241 987 1400 2949 3837 4174 
242 988 1401 2950 3838 4175 
243 989 1402 2951 3839 4176 
244 990 1403 2952 3840 4177 
245 991 1404 2953 3841 4178 
246 992 1405 2954 3842 4179 
247 993 1406 2955 3843 4180 
248 994 1407 2956 3844 4181 
249 995 1408 2957 3845 4182 
250 996 1409 2958 3846 4183 
251 997 1410 2959 3847 4184 
252 998 1411 2960 3848 4185 
253 999 1412 2961 3849 4186 
254 1000 1413 2962 3850 4187 
255 1001 1414 2963 3851 4188 
256 1002 1415 2964 3852 4189 
257 1003 1416 2965 3853 4190 
258 1004 1417 2966 3854 4191 
259 1005 1418 2967 3855 4192 
260 1006 1419 2968 3856 4193 
261 1007 1420 2969 3857 4194 
262 1008 1421 2970 3858 4195 
263 1009 1422 2971 3859 4196 
264 1010 1423 2972 3860 4197 
265 1011 1424 2973 3861 4198 
266 1012 1425 2974 3862 4199 
267 1013 1426 2975 3863 4200 
268 1014 1427 2976 3864 4201 
269 1015 1428 2977 3865 4202 
270 1016 1429 2978 3866 4203 
271 1017 1430 2979 3867 4204 
272 1018 1431 2980 3868 4205 
273 1019 1432 2981 3869 4206 
274 1020 1433 2982 3870 4207 
275 1021 1434 2983 3871 4208 
276 1022 1435 2984 3872 4209 
277 1023 1436 2985 3873 4210 
278 1024 1437 2986 3874 4211 
279 1025 1438 2987 3875 4212 
280 1026 1439 2988 3876 4213 
281 1027 1440 2989 3877 4214 
282 1028 1441 2990 3878 4215 
283 1029 1442 2991 3879 4216 
284 1030 1443 2992 3880 4217 
285 1031 1444 2993 3881 4218 
286 1032 1445 2994 3882 4219 
287 1033 1446 2995 3883 4220 
288 1034 1447 2996 3884 4221 
289 1035 1448 2997 3885 4222 
290 1036 1449 2998 3886 4223 
291 1037 1450 2999 3887 4224 
292 1038 1451 3000 3888 4225 
293 1039 1452 3001 3889 4226 
294 1040 1453 3002 3890 4227 
295 1041 1454 3003 3891 4228 
296 1042 1455 3004 3892 4229 
297 1043 1456 3005 3893 4230 
298 1044 1457 3006 3894 4231 
299 1045 1458 3007 3895 4232 
300 1046 1459 3008 3896 4233 
301 1047 1460 3009 3897 4234 
302 1048 1461 3010 3898 4235 
303 1049 1462 3011 3899 4236 
304 1050 1463 3012 3900 4237 
305 1051 1464 3013 3901 4075 
306 1052 1465 3014 3902 4076 
307 1053 1466 3015 3903 4077 
308 1054 1304 3016 3904 4078 
309 1055 1305 3017 3905 4079 
310 1056 1306 3018 3906 4080 
311 1057 1307 3019 3907 4081 
312 1058 1308 3020 3908 4082 
313 1059 1309 3021 3909 4083 
314 1060 1310 3022 3910 4084 
315 1061 1311 3023 3911 4085 
316 1062 1312 3024 3749 4086 
317 1063 1313 3025 3750 4087 
318 1064 1314 3026 3751 4088 
319 1065 1315 3027 3752 4089 
320 1066 1316 3028 3753 4090 
321 1067 1317 3029 3754 4091 
322 1068 1318 3030 3755 4092 
323 1069 1319 3031 3756 4093 
324 1070 1320 3032 3757 4094 
325 1071 1321 3033 3758 4095 
163 1072 1322 3034 3759 4096 
164 1073 1323 3035 3760 4097 
165 1074 1324 3036 3761 4098 
166 1075 1325 3037 3762 4099 
167 1076 1326 3038 3763 4100 
385 1173 1510 2994 3179 4399 
386 1174 1511 2995 3180 4400 
387 1175 1512 2996 3181 4238 
388 1176 1513 2997 3182 4239 
389 1177 1514 2998 3183 4240 
390 1178 1515 2999 3184 4241 
391 1179 1516 3000 3185 4242 
392 1180 1517 3001 3186 4243 
393 1181 1518 3002 3187 4244 
394 1182 1519 3003 3188 4245 
395 1183 1520 3004 3189 4246 
396 1184 1521 3005 3190 4247 
397 1185 1522 3006 3191 4248 
398 1186 1523 3007 3192 4249 
399 1187 1524 3008 3193 4250 
400 1188 1525 3009 3194 4251 
401 1189 1526 3010 3195 4252 
402 1190 1527 3011 3196 4253 
403 1191 1528 3012 3197 4254 
404 1192 1529 3013 3198 4255 
405 1193 1530 3014 3199 4256 
406 1194 1531 3015 3200 4257 
407 1195 1532 3016 3201 4258 
408 1196 1533 3017 3202 4259 
409 1197 1534 3018 3203 4260 
410 1198 1535 3019 3204 4261 
411 1199 1536 3020 3205 4262 
412 1200 1537 3021 3206 4263 
413 1201 1538 3022 3207 4264 
414 1202 1539 3023 3208 4265 
415 1203 1540 3024 3209 4266 
416 1204 1541 3025 3210 4267 
417 1205 1542 3026 3211 4268 
418 1206 1543 3027 3212 4269 
419 1207 1544 3028 3213 4270 
420 1208 1545 3029 3214 4271 
421 1209 1546 3030 3215 4272 
422 1210 1547 3031 3216 4273 
423 1211 1548 3032 3217 4274 
424 1212 1549 3033 3218 4275 
425 1213 1550 3034 3219 4276 
426 1214 1551 3035 3220 4277 
427 1215 1552 3036 3221 4278 
428 1216 1553 3037 3222 4279 
429 1217 1554 3038 3223 4280 
430 1218 1555 3039 3224 4281 
431 1219 1556 3040 3225 4282 
432 1220 1557 3041 3226 4283 
433 1221 1558 3042 3227 4284 
434 1222 1559 3043 3228 4285 
435 1223 1560 3044 3229 4286 
436 1224 1561 3045 3230 4287 
437 1225 1562 3046 3231 4288 
438 1226 1563 3047 3232 4289 
439 1227 1564 3048 3233 4290 
440 1228 1565 3049 3234 4291 
441 1229 1566 3050 3235 4292 
442 1230 1567 3051 3236 4293 
443 1231 1568 3052 3237 4294 
444 1232 1569 3053 3238 4295 
445 1233 1570 3054 3239 4296 
446 1234 1571 3055 3240 4297 
447 1235 1572 3056 3241 4298 
448 1236 1573 3057 3242 4299 
449 1237 1574 3058 3243 4300 
450 1238 1575 3059 3244 4301 
451 1239 1576 3060 3245 4302 
452 1240 1577 3061 3246 4303 
453 1241 1578 3062 3247 4304 
454 1242 1579 3063 3248 4305 
455 1243 1580 3064 3249 4306 
456 1244 1581 3065 3250 4307 
457 1245 1582 3066 3251 4308 
458 1246 1583 3067 3252 4309 
459 1247 1584 3068 3253 4310 
460 1248 1585 3069 3254 4311 
461 1249 1586 3070 3255 4312 
462 1250 1587 3071 3256 4313 
463 1251 1588 3072 3257 4314 
464 1252 1589 3073 3258 4315 
465 1253 1590 3074 3259 4316 
466 1254 1591 3075 3097 4317 
467 1255 1592 3076 3098 4318 
468 1256 1593 3077 3099 4319 
469 1257 1594 3078 3100 4320 
470 1258 1595 3079 3101 4321 
471 1259 1596 3080 3102 4322 
472 1260 1597 3081 3103 4323 
473 1261 1598 3082 3104 4324 
474 1262 1599 3083 3105 4325 
475 1263 1600 3084 3106 4326 
476 1264 1601 3085 3107 4327 
477 1265 1602 3086 3108 4328 
478 1266 1603 3087 3109 4329 
479 1267 1604 3088 3110 4330 
480 1268 1605 3089 3111 4331 
481 1269 1606 3090 3112 4332 
482 1270 1607 3091 3113 4333 
483 1271 1608 3092 3114 4334 
484 1272 1609 3093 3115 4335 
485 1273 1610 3094 3116 4336 
486 1274 1611 3095 3117 4337 
487 1275 1612 3096 3118 4338 
488 1276 1613 2934 3119 4339 
326 1277 1614 2935 3120 4340 
327 1278 1615 2936 3121 4341 
328 1279 1616 2937 3122 4342 
329 1280 1617 2938 3123 4343 
330 1281 1618 2939 3124 4344 
331 1282 1619 2940 3125 4345 
332 1283 1620 2941 3126 4346 
333 1284 1621 2942 3127 4347 
334 1285 1622 2943 3128 4348 
335 1286 1623 2944 3129 4349 
336 1287 1624 2945 3130 4350 
337 1288 1625 2946 3131 4351 
338 1289 1626 2947 3132 4352 
339 1290 1627 2948 3133 4353 
340 1291 1628 2949 3134 4354 
341 1292 1629 2950 3135 4355 
342 1293 1467 2951 3136 4356 
343 1294 1468 2952 3137 4357 
344 1295 1469 2953 3138 4358 
345 1296 1470 2954 3139 4359 
346 1297 1471 2955 3140 4360 
347 1298 1472 2956 3141 4361 
348 1299 1473 2957 3142 4362 
349 1300 1474 2958 3143 4363 
350 1301 1475 2959 3144 4364 
351 1302 1476 2960 3145 4365 
352 1303 1477 2961 3146 4366 
353 1141 1478 2962 3147 4367 
354 1142 1479 2963 3148 4368 
355 1143 1480 2964 3149 4369 
356 1144 1481 2965 3150 4370 
357 1145 1482 2966 3151 4371 
358 1146 1483 2967 3152 4372 
359 1147 1484 2968 3153 4373 
360 1148 1485 2969 3154 4374 
361 1149 1486 2970 3155 4375 
362 1150 1487 2971 3156 4376 
363 1151 1488 2972 3157 4377 
364 1152 1489 2973 3158 4378 
365 1153 1490 2974 3159 4379 
366 1154 1491 2975 3160 4380 
367 1155 1492 2976 3161 4381 
368 1156 1493 2977 3162 4382 
369 1157 1494 2978 3163 4383 
370 1158 1495 2979 3164 4384 
371 1159 1496 2980 3165 4385 
372 1160 1497 2981 3166 4386 
373 1161 1498 2982 3167 4387 
374 1162 1499 2983 3168 4388 
375 1163 1500 2984 3169 4389 
376 1164 1501 2985 3170 4390 
377 1165 1502 2986 3171 4391 
378 1166 1503 2987 3172 4392 
379 1167 1504 2988 3173 4393 
380 1168 1505 2989 3174 4394 
381 1169 1506 2990 3175 4395 
382 1170 1507 2991 3176 4396 
383 1171 1508 2992 3177 4397 
384 1172 1509 2993 3178 4398 
556 1376 1716 3101 3305 4469 
557 1377 1717 3102 3306 4470 
558 1378 1718 3103 3307 4471 
559 1379 1719 3104 3308 4472 
560 1380 1720 3105 3309 4473 
561 1381 1721 3106 3310 4474 
562 1382 1722 3107 3311 4475 
563 1383 1723 3108 3312 4476 
564 1384 1724 3109 3313 4477 
565 1385 1725 3110 3314 4478 
566 1386 1726 3111 3315 4479 
567 1387 1727 3112 3316 4480 
568 1388 1728 3113 3317 4481 
569 1389 1729 3114 3318 4482 
570 1390 1730 3115 3319 4483 
571 1391 1731 3116 3320 4484 
572 1392 1732 3117 3321 4485 
573 1393 1733 3118 3322 4486 
574 1394 1734 3119 3323 4487 
575 1395 1735 3120 3324 4488 
576 1396 1736 3121 3325 4489 
577 1397 1737 3122 3326 4490 
578 1398 1738 3123 3327 4491 
579 1399 1739 3124 3328 4492 
580 1400 1740 3125 3329 4493 
581 1401 1741 3126 3330 4494 
582 1402 1742 3127 3331 4495 
583 1403 1743 3128 3332 4496 
584 1404 1744 3129 3333 4497 
585 1405 1745 3130 3334 4498 
586 1406 1746 3131 3335 4499 
587 1407 1747 3132 3336 4500 
588 1408 1748 3133 3337 4501 
589 1409 1749 3134 3338 4502 
590 1410 1750 3135 3339 4503 
591 1411 1751 3136 3340 4504 
592 1412 1752 3137 3341 4505 
593 1413 1753 3138 3342 4506 
594 1414 1754 3139 3343 4507 
595 1415 1755 3140 3344 4508 
596 1416 1756 3141 3345 4509 
597 1417 1757 3142 3346 4510 
598 1418 1758 3143 3347 4511 
599 1419 1759 3144 3348 4512 
600 1420 1760 3145 3349 4513 
601 1421 1761 3146 3350 4514 
602 1422 1762 3147 3351 4515 
603 1423 1763 3148 3352 4516 
604 1424 1764 3149 3353 4517 
605 1425 1765 3150 3354 4518 
606 1426 1766 3151 3355 4519 
607 1427 1767 3152 3356 4520 
608 1428 1768 3153 3357 4521 
609 1429 1769 3154 3358 4522 
610 1430 1770 3155 3359 4523 
611 1431 1771 3156 3360 4524 
612 1432 1772 3157 3361 4525 
613 1433 1773 3158 3362 4526 
614 1434 1774 3159 3363 4527 
615 1435 1775 3160 3364 4528 
616 1436 1776 3161 3365 4529 
617 1437 1777 3162 3366 4530 
618 1438 1778 3163 3367 4531 
619 1439 1779 3164 3368 4532 
620 1440 1780 3165 3369 4533 
621 1441 1781 3166 3370 4534 
622 1442 1782 3167 3371 4535 
623 1443 1783 3168 3372 4536 
624 1444 1784 3169 3373 4537 
625 1445 1785 3170 3374 4538 
626 1446 1786 3171 3375 4539 
627 1447 1787 3172 3376 4540 
628 1448 1788 3173 3377 4541 
629 1449 1789 3174 3378 4542 
630 1450 1790 3175 3379 4543 
631 1451 1791 3176 3380 4544 
632 1452 1792 3177 3381 4545 
633 1453 1630 3178 3382 4546 
634 1454 1631 3179 3383 4547 
635 1455 1632 3180 3384 4548 
636 1456 1633 3181 3385 4549 
637 1457 1634 3182 3386 4550 
638 1458 1635 3183 3387 4551 
639 1459 1636 3184 3388 4552 
640 1460 1637 3185 3389 4553 
641 1461 1638 3186 3390 4554 
642 1462 1639 3187 3391 4555 
643 1463 1640 3188 3392 4556 
644 1464 1641 3189 3393 4557 
645 1465 1642 3190 3394 4558 
646 1466 1643 3191 3395 4559 
647 1304 1644 3192 3396 4560 
648 1305 1645 3193 3397 4561 
649 1306 1646 3194 3398 4562 
650 1307 1647 3195 3399 4563 
651 1308 1648 3196 3400 4401 
489 1309 1649 3197 3401 4402 
490 1310 1650 3198 3402 4403 
491 1311 1651 3199 3403 4404 
492 1312 1652 3200 3404 4405 
493 1313 1653 3201 3405 4406 
494 1314 1654 3202 3406 4407 
495 1315 1655 3203 3407 4408 
496 1316 1656 3204 3408 4409 
497 1317 1657 3205 3409 4410 
498 1318 1658 3206 3410 4411 
499 1319 1659 3207 3411 4412 
500 1320 1660 3208 3412 4413 
501 1321 1661 3209 3413 4414 
502 1322 1662 3210 3414 4415 
503 1323 1663 3211 3415 4416 
504 1324 1664 3212 3416 4417 
505 1325 1665 3213 3417 4418 
506 1326 1666 3214 3418 4419 
507 1327 1667 3215 3419 4420 
508 1328 1668 3216 3420 4421 
509 1329 1669 3217 3421 4422 
510 1330 1670 3218 3422 4423 
511 1331 1671 3219 3260 4424 
512 1332 1672 3220 3261 4425 
513 1333 1673 3221 3262 4426 
514 1334 1674 3222 3263 4427 
515 1335 1675 3223 3264 4428 
516 1336 1676 3224 3265 4429 
517 1337 1677 3225 3266 4430 
518 1338 1678 3226 3267 4431 
519 1339 1679 3227 3268 4432 
520 1340 1680 3228 3269 4433 
521 1341 1681 3229 3270 4434 
522 1342 1682 3230 3271 4435 
523 1343 1683 3231 3272 4436 
524 1344 1684 3232 3273 4437 
525 1345 1685 3233 3274 4438 
526 1346 1686 3234 3275 4439 
527 1347 1687 3235 3276 4440 
528 1348 1688 3236 3277 4441 
529 1349 1689 3237 3278 4442 
530 1350 1690 3238 3279 4443 
531 1351 1691 3239 3280 4444 
532 1352 1692 3240 3281 4445 
533 1353 1693 3241 3282 4446 
534 1354 1694 3242 3283 4447 
535 1355 1695 3243 3284 4448 
536 1356 1696 3244 3285 4449 
537 1357 1697 3245 3286 4450 
538 1358 1698 3246 3287 4451 
539 1359 1699 3247 3288 4452 
540 1360 1700 3248 3289 4453 
541 1361 1701 3249 3290 4454 
542 1362 1702 3250 3291 4455 
543 1363 1703 3251 3292 4456 
544 1364 1704 3252 3293 4457 
545 1365 1705 3253 3294 4458 
546 1366 1706 3254 3295 4459 
547 1367 1707 3255 3296 4460 
548 1368 1708 3256 3297 4461 
549 1369 1709 3257 3298 4462 
550 1370 1710 3258 3299 4463 
551 1371 1711 3259 3300 4464 
552 1372 1712 3097 3301 4465 
553 1373 1713 3098 3302 4466 
554 1374 1714 3099 3303 4467 
555 1375 1715 3100 3304 4468 
803 1494 1942 3409 3468 4710 
804 1495 1943 3410 3469 4711 
805 1496 1944 3411 3470 4712 
806 1497 1945 3412 3471 4713 
807 1498 1946 3413 3472 4714 
808 1499 1947 3414 3473 4715 
809 1500 1948 3415 3474 4716 
810 1501 1949 3416 3475 4717 
811 1502 1950 3417 3476 4718 
812 1503 1951 3418 3477 4719 
813 1504 1952 3419 3478 4720 
814 1505 1953 3420 3479 4721 
652 1506 1954 3421 3480 4722 
653 1507 1955 3422 3481 4723 
654 1508 1793 3260 3482 4724 
655 1509 1794 3261 3483 4725 
656 1510 1795 3262 3484 4726 
657 1511 1796 3263 3485 4564 
658 1512 1797 3264 3486 4565 
659 1513 1798 3265 3487 4566 
660 1514 1799 3266 3488 4567 
661 1515 1800 3267 3489 4568 
662 1516 1801 3268 3490 4569 
663 1517 1802 3269 3491 4570 
664 1518 1803 3270 3492 4571 
665 1519 1804 3271 3493 4572 
666 1520 1805 3272 3494 4573 
667 1521 1806 3273 3495 4574 
668 1522 1807 3274 3496 4575 
669 1523 1808 3275 3497 4576 
670 1524 1809 3276 3498 4577 
671 1525 1810 3277 3499 4578 
672 1526 1811 3278 3500 4579 
673 1527 1812 3279 3501 4580 
674 1528 1813 3280 3502 4581 
675 1529 1814 3281 3503 4582 
676 1530 1815 3282 3504 4583 
677 1531 1816 3283 3505 4584 
678 1532 1817 3284 3506 4585 
679 1533 1818 3285 3507 4586 
680 1534 1819 3286 3508 4587 
681 1535 1820 3287 3509 4588 
682 1536 1821 3288 3510 4589 
683 1537 1822 3289 3511 4590 
684 1538 1823 3290 3512 4591 
685 1539 1824 3291 3513 4592 
686 1540 1825 3292 3514 4593 
687 1541 1826 3293 3515 4594 
688 1542 1827 3294 3516 4595 
689 1543 1828 3295 3517 4596 
690 1544 1829 3296 3518 4597 
691 1545 1830 3297 3519 4598 
692 1546 1831 3298 3520 4599 
693 1547 1832 3299 3521 4600 
694 1548 1833 3300 3522 4601 
695 1549 1834 3301 3523 4602 
696 1550 1835 3302 3524 4603 
697 1551 1836 3303 3525 4604 
698 1552 1837 3304 3526 4605 
699 1553 1838 3305 3527 4606 
700 1554 1839 3306 3528 4607 
701 1555 1840 3307 3529 4608 
702 1556 1841 3308 3530 4609 
703 1557 1842 3309 3531 4610 
704 1558 1843 3310 3532 4611 
705 1559 1844 3311 3533 4612 
706 1560 1845 3312 3534 4613 
707 1561 1846 3313 3535 4614 
708 1562 1847 3314 3536 4615 
709 1563 1848 3315 3537 4616 
710 1564 1849 3316 3538 4617 
711 1565 1850 3317 3539 4618 
712 1566 1851 3318 3540 4619 
713 1567 1852 3319 3541 4620 
714 1568 1853 3320 3542 4621 
715 1569 1854 3321 3543 4622 
716 1570 1855 3322 3544 4623 
717 1571 1856 3323 3545 4624 
718 1572 1857 3324 3546 4625 
719 1573 1858 3325 3547 4626 
720 1574 1859 3326 3548 4627 
721 1575 1860 3327 3549 4628 
722 1576 1861 3328 3550 4629 
723 1577 1862 3329 3551 4630 
724 1578 1863 3330 3552 4631 
725 1579 1864 3331 3553 4632 
726 1580 1865 3332 3554 4633 
727 1581 1866 3333 3555 4634 
728 1582 1867 3334 3556 4635 
729 1583 1868 3335 3557 4636 
730 1584 1869 3336 3558 4637 
731 1585 1870 3337 3559 4638 
732 1586 1871 3338 3560 4639 
733 1587 1872 3339 3561 4640 
734 1588 1873 3340 3562 4641 
735 1589 1874 3341 3563 4642 
736 1590 1875 3342 3564 4643 
737 1591 1876 3343 3565 4644 
738 1592 1877 3344 3566 4645 
739 1593 1878 3345 3567 4646 
740 1594 1879 3346 3568 4647 
741 1595 1880 3347 3569 4648 
742 1596 1881 3348 3570 4649 
743 1597 1882 3349 3571 4650 
744 1598 1883 3350 3572 4651 
745 1599 1884 3351 3573 4652 
746 1600 1885 3352 3574 4653 
747 1601 1886 3353 3575 4654 
748 1602 1887 3354 3576 4655 
749 1603 1888 3355 3577 4656 
750 1604 1889 3356 3578 4657 
751 1605 1890 3357 3579 4658 
752 1606 1891 3358 3580 4659 
753 1607 1892 3359 3581 4660 
754 1608 1893 3360 3582 4661 
755 1609 1894 3361 3583 4662 
756 1610 1895 3362 3584 4663 
757 1611 1896 3363 3585 4664 
758 1612 1897 3364 3423 4665 
759 1613 1898 3365 3424 4666 
760 1614 1899 3366 3425 4667 
761 1615 1900 3367 3426 4668 
762 1616 1901 3368 3427 4669 
763 1617 1902 3369 3428 4670 
764 1618 1903 3370 3429 4671 
765 1619 1904 3371 3430 4672 
766 1620 1905 3372 3431 4673 
767 1621 1906 3373 3432 4674 
768 1622 1907 3374 3433 4675 
769 1623 1908 3375 3434 4676 
770 1624 1909 3376 3435 4677 
771 1625 1910 3377 3436 4678 
772 1626 1911 3378 3437 4679 
773 1627 1912 3379 3438 4680 
774 1628 1913 3380 3439 4681 
775 1629 1914 3381 3440 4682 
776 1467 1915 3382 3441 4683 
777 1468 1916 3383 3442 4684 
778 1469 1917 3384 3443 4685 
779 1470 1918 3385 3444 4686 
780 1471 1919 3386 3445 4687 
781 1472 1920 3387 3446 4688 
782 1473 1921 3388 3447 4689 
783 1474 1922 3389 3448 4690 
784 1475 1923 3390 3449 4691 
785 1476 1924 3391 3450 4692 
786 1477 1925 3392 3451 4693 
787 1478 1926 3393 3452 4694 
788 1479 1927 3394 3453 4695 
789 1480 1928 3395 3454 4696 
790 1481 1929 3396 3455 4697 
791 1482 1930 3397 3456 4698 
792 1483 1931 3398 3457 4699 
793 1484 1932 3399 3458 4700 
794 1485 1933 3400 3459 4701 
795 1486 1934 3401 3460 4702 
796 1487 1935 3402 3461 4703 
797 1488 1936 3403 3462 4704 
798 1489 1937 3404 3463 4705 
799 1490 1938 3405 3464 4706 
800 1491 1939 3406 3465 4707 
801 1492 1940 3407 3466 4708 
802 1493 1941 3408 3467 4709 
970 1128 1731 3558 3659 4850 
971 1129 1732 3559 3660 4851 
972 1130 1733 3560 3661 4852 
973 1131 1734 3561 3662 4853 
974 1132 1735 3562 3663 4854 
975 1133 1736 3563 3664 4855 
976 1134 1737 3564 3665 4856 
977 1135 1738 3565 3666 4857 
815 1136 1739 3566 3667 4858 
816 1137 1740 3567 3668 4859 
817 1138 1741 3568 3669 4860 
818 1139 1742 3569 3670 4861 
819 1140 1743 3570 3671 4862 
820 978 1744 3571 3672 4863 
821 979 1745 3572 3673 4864 
822 980 1746 3573 3674 4865 
823 981 1747 3574 3675 4866 
824 982 1748 3575 3676 4867 
825 983 1749 3576 3677 4868 
826 984 1750 3577 3678 4869 
827 985 1751 3578 3679 4870 
828 986 1752 3579 3680 4871 
829 987 1753 3580 3681 4872 
830 988 1754 3581 3682 4873 
831 989 1755 3582 3683 4874 
832 990 1756 3583 3684 4875 
833 991 1757 3584 3685 4876 
834 992 1758 3585 3686 4877 
835 993 1759 3423 3687 4878 
836 994 1760 3424 3688 4879 
837 995 1761 3425 3689 4880 
838 996 1762 3426 3690 4881 
839 997 1763 3427 3691 4882 
840 998 1764 3428 3692 4883 
841 999 1765 3429 3693 4884 
842 1000 1766 3430 3694 4885 
843 1001 1767 3431 3695 4886 
844 1002 1768 3432 3696 4887 
845 1003 1769 3433 3697 4888 
846 1004 1770 3434 3698 4889 
847 1005 1771 3435 3699 4727 
848 1006 1772 3436 3700 4728 
849 1007 1773 3437 3701 4729 
850 1008 1774 3438 3702 4730 
851 1009 1775 3439 3703 4731 
852 1010 1776 3440 3704 4732 
853 1011 1777 3441 3705 4733 
854 1012 1778 3442 3706 4734 
855 1013 1779 3443 3707 4735 
856 1014 1780 3444 3708 4736 
857 1015 1781 3445 3709 4737 
858 1016 1782 3446 3710 4738 
859 1017 1783 3447 3711 4739 
860 1018 1784 3448 3712 4740 
861 1019 1785 3449 3713 4741 
862 1020 1786 3450 3714 4742 
863 1021 1787 3451 3715 4743 
864 1022 1788 3452 3716 4744 
865 1023 1789 3453 3717 4745 
866 1024 1790 3454 3718 4746 
867 1025 1791 3455 3719 4747 
868 1026 1792 3456 3720 4748 
869 1027 1630 3457 3721 4749 
870 1028 1631 3458 3722 4750 
871 1029 1632 3459 3723 4751 
872 1030 1633 3460 3724 4752 
873 1031 1634 3461 3725 4753 
874 1032 1635 3462 3726 4754 
875 1033 1636 3463 3727 4755 
876 1034 1637 3464 3728 4756 
877 1035 1638 3465 3729 4757 
878 1036 1639 3466 3730 4758 
879 1037 1640 3467 3731 4759 
880 1038 1641 3468 3732 4760 
881 1039 1642 3469 3733 4761 
882 1040 1643 3470 3734 4762 
883 1041 1644 3471 3735 4763 
884 1042 1645 3472 3736 4764 
885 1043 1646 3473 3737 4765 
886 1044 1647 3474 3738 4766 
887 1045 1648 3475 3739 4767 
888 1046 1649 3476 3740 4768 
889 1047 1650 3477 3741 4769 
890 1048 1651 3478 3742 4770 
891 1049 1652 3479 3743 4771 
892 1050 1653 3480 3744 4772 
893 1051 1654 3481 3745 4773 
894 1052 1655 3482 3746 4774 
895 1053 1656 3483 3747 4775 
896 1054 1657 3484 3748 4776 
897 1055 1658 3485 3586 4777 
898 1056 1659 3486 3587 4778 
899 1057 1660 3487 3588 4779 
900 1058 1661 3488 3589 4780 
901 1059 1662 3489 3590 4781 
902 1060 1663 3490 3591 4782 
903 1061 1664 3491 3592 4783 
904 1062 1665 3492 3593 4784 
905 1063 1666 3493 3594 4785 
906 1064 1667 3494 3595 4786 
907 1065 1668 3495 3596 4787 
908 1066 1669 3496 3597 4788 
909 1067 1670 3497 3598 4789 
910 1068 1671 3498 3599 4790 
911 1069 1672 3499 3600 4791 
912 1070 1673 3500 3601 4792 
913 1071 1674 3501 3602 4793 
914 1072 1675 3502 3603 4794 
915 1073 1676 3503 3604 4795 
916 1074 1677 3504 3605 4796 
917 1075 1678 3505 3606 4797 
918 1076 1679 3506 3607 4798 
919 1077 1680 3507 3608 4799 
920 1078 1681 3508 3609 4800 
921 1079 1682 3509 3610 4801 
922 1080 1683 3510 3611 4802 
923 1081 1684 3511 3612 4803 
924 1082 1685 3512 3613 4804 
925 1083 1686 3513 3614 4805 
926 1084 1687 3514 3615 4806 
927 1085 1688 3515 3616 4807 
928 1086 1689 3516 3617 4808 
929 1087 1690 3517 3618 4809 
930 1088 1691 3518 3619 4810 
931 1089 1692 3519 3620 4811 
932 1090 1693 3520 3621 4812 
933 1091 1694 3521 3622 4813 
934 1092 1695 3522 3623 4814 
935 1093 1696 3523 3624 4815 
936 1094 1697 3524 3625 4816 
937 1095 1698 3525 3626 4817 
938 1096 1699 3526 3627 4818 
939 1097 1700 3527 3628 4819 
940 1098 1701 3528 3629 4820 
941 1099 1702 3529 3630 4821 
942 1100 1703 3530 3631 4822 
943 1101 1704 3531 3632 4823 
944 1102 1705 3532 3633 4824 
945 1103 1706 3533 3634 4825 
946 1104 1707 3534 3635 4826 
947 1105 1708 3535 3636 4827 
948 1106 1709 3536 3637 4828 
949 1107 1710 3537 3638 4829 
950 1108 1711 3538 3639 4830 
951 1109 1712 3539 3640 4831 
952 1110 1713 3540 3641 4832 
953 1111 1714 3541 3642 4833 
954 1112 1715 3542 3643 4834 
955 1113 1716 3543 3644 4835 
956 1114 1717 3544 3645 4836 
957 1115 1718 3545 3646 4837 
958 1116 1719 3546 3647 4838 
959 1117 1720 3547 3648 4839 
960 1118 1721 3548 3649 4840 
961 1119 1722 3549 3650 4841 
962 1120 1723 3550 3651 4842 
963 1121 1724 3551 3652 4843 
964 1122 1725 3552 3653 4844 
965 1123 1726 3553 3654 4845 
966 1124 1727 3554 3655 4846 
967 1125 1728 3555 3656 4847 
968 1126 1729 3556 3657 4848 
969 1127 1730 3557 3658 4849 
134 1218 1799 3727 3832 4048 
135 1219 1800 3728 3833 4049 
136 1220 1801 3729 3834 4050 
137 1221 1802 3730 3835 4051 
138 1222 1803 3731 3836 4052 
139 1223 1804 3732 3837 4053 
140 1224 1805 3733 3838 4054 
141 1225 1806 3734 3839 4055 
142 1226 1807 3735 3840 4056 
143 1227 1808 3736 3841 4057 
144 1228 1809 3737 3842 4058 
145 1229 1810 3738 3843 4059 
146 1230 1811 3739 3844 4060 
147 1231 1812 3740 3845 4061 
148 1232 1813 3741 3846 4062 
149 1233 1814 3742 3847 4063 
150 1234 1815 3743 3848 4064 
151 1235 1816 3744 3849 4065 
152 1236 1817 3745 3850 4066 
153 1237 1818 3746 3851 4067 
154 1238 1819 3747 3852 4068 
155 1239 1820 3748 3853 4069 
156 1240 1821 3586 3854 4070 
157 1241 1822 3587 3855 4071 
158 1242 1823 3588 3856 4072 
159 1243 1824 3589 3857 4073 
160 1244 1825 3590 3858 4074 
161 1245 1826 3591 3859 3912 
162 1246 1827 3592 3860 3913 
0 1247 1828 3593 3861 3914 
1 1248 1829 3594 3862 3915 
2 1249 1830 3595 3863 3916 
3 1250 1831 3596 3864 3917 
4 1251 1832 3597 3865 3918 
5 1252 1833 3598 3866 3919 
6 1253 1834 3599 3867 3920 
7 1254 1835 3600 3868 3921 
8 1255 1836 3601 3869 3922 
9 1256 1837 3602 3870 3923 
10 1257 1838 3603 3871 3924 
11 1258 1839 3604 3872 3925 
12 1259 1840 3605 3873 3926 
13 1260 1841 3606 3874 3927 
14 1261 1842 3607 3875 3928 
15 1262 1843 3608 3876 3929 
16 1263 1844 3609 3877 3930 
17 1264 1845 3610 3878 3931 
18 1265 1846 3611 3879 3932 
19 1266 1847 3612 3880 3933 
20 1267 1848 3613 3881 3934 
21 1268 1849 3614 3882 3935 
22 1269 1850 3615 3883 3936 
23 1270 1851 3616 3884 3937 
24 1271 1852 3617 3885 3938 
25 1272 1853 3618 3886 3939 
26 1273 1854 3619 3887 3940 
27 1274 1855 3620 3888 3941 
28 1275 1856 3621 3889 3942 
29 1276 1857 3622 3890 3943 
30 1277 1858 3623 3891 3944 
31 1278 1859 3624 3892 3945 
32 1279 1860 3625 3893 3946 
33 1280 1861 3626 3894 3947 
34 1281 1862 3627 3895 3948 
35 1282 1863 3628 3896 3949 
36 1283 1864 3629 3897 3950 
37 1284 1865 3630 3898 3951 
38 1285 1866 3631 3899 3952 
39 1286 1867 3632 3900 3953 
40 1287 1868 3633 3901 3954 
41 1288 1869 3634 3902 3955 
42 1289 1870 3635 3903 3956 
43 1290 1871 3636 3904 3957 
44 1291 1872 3637 3905 3958 
45 1292 1873 3638 3906 3959 
46 1293 1874 3639 3907 3960 
47 1294 1875 3640 3908 3961 
48 1295 1876 3641 3909 3962 
49 1296 1877 3642 3910 3963 
50 1297 1878 3643 3911 3964 
51 1298 1879 3644 3749 3965 
52 1299 1880 3645 3750 3966 
53 1300 1881 3646 3751 3967 
54 1301 1882 3647 3752 3968 
55 1302 1883 3648 3753 3969 
56 1303 1884 3649 3754 3970 
57 1141 1885 3650 3755 3971 
58 1142 1886 3651 3756 3972 
59 1143 1887 3652 3757 3973 
60 1144 1888 3653 3758 3974 
61 1145 1889 3654 3759 3975 
62 1146 1890 3655 3760 3976 
63 1147 1891 3656 3761 3977 
64 1148 1892 3657 3762 3978 
65 1149 1893 3658 3763 3979 
66 1150 1894 3659 3764 3980 
67 1151 1895 3660 3765 3981 
68 1152 1896 3661 3766 3982 
69 1153 1897 3662 3767 3983 
70 1154 1898 3663 3768 3984 
71 1155 1899 3664 3769 3985 
72 1156 1900 3665 3770 3986 
73 1157 1901 3666 3771 3987 
74 1158 1902 3667 3772 3988 
75 1159 1903 3668 3773 3989 
76 1160 1904 3669 3774 3990 
77 1161 1905 3670 3775 3991 
78 1162 1906 3671 3776 3992 
79 1163 1907 3672 3777 3993 
80 1164 1908 3673 3778 3994 
81 1165 1909 3674 3779 3995 
82 1166 1910 3675 3780 3996 
83 1167 1911 3676 3781 3997 
84 1168 1912 3677 3782 3998 
85 1169 1913 3678 3783 3999 
86 1170 1914 3679 3784 4000 
87 1171 1915 3680 3785 4001 
88 1172 1916 3681 3786 4002 
89 1173 1917 3682 3787 4003 
90 1174 1918 3683 3788 4004 
91 1175 1919 3684 3789 4005 
92 1176 1920 3685 3790 4006 
93 1177 1921 3686 3791 4007 
94 1178 1922 3687 3792 4008 
95 1179 1923 3688 3793 4009 
96 1180 1924 3689 3794 4010 
97 1181 1925 3690 3795 4011 
98 1182 1926 3691 3796 4012 
99 1183 1927 3692 3797 4013 
100 1184 1928 3693 3798 4014 
101 1185 1929 3694 3799 4015 
102 1186 1930 3695 3800 4016 
103 1187 1931 3696 3801 4017 
104 1188 1932 3697 3802 4018 
105 1189 1933 3698 3803 4019 
106 1190 1934 3699 3804 4020 
107 1191 1935 3700 3805 4021 
108 1192 1936 3701 3806 4022 
109 1193 1937 3702 3807 4023 
110 1194 1938 3703 3808 4024 
111 1195 1939 3704 3809 4025 
112 1196 1940 3705 3810 4026 
113 1197 1941 3706 3811 4027 
114 1198 1942 3707 3812 4028 
115 1199 1943 3708 3813 4029 
116 1200 1944 3709 3814 4030 
117 1201 1945 3710 3815 4031 
118 1202 1946 3711 3816 4032 
119 1203 1947 3712 3817 4033 
120 1204 1948 3713 3818 4034 
121 1205 1949 3714 3819 4035 
122 1206 1950 3715 3820 4036 
123 1207 1951 3716 3821 4037 
124 1208 1952 3717 3822 4038 
125 1209 1953 3718 3823 4039 
126 1210 1954 3719 3824 4040 
127 1211 1955 3720 3825 4041 
128 1212 1793 3721 3826 4042 
129 1213 1794 3722 3827 4043 
130 1214 1795 3723 3828 4044 
131 1215 1796 3724 3829 4045 
132 1216 1797 3725 3830 4046 
133 1217 1798 3726 3831 4047 
